set NU :=  NU01 NU02 NU03 NU04 NU05 NU06 NU07 NU08 NU09;
set RM :=  RM01 RM02 RM03 RM04 RM05 RM06 RM07 RM08 RM09 RM10 RM11 RM12 RM13 RM14 RM15 RM16 RM17 RM18 RM19 RM20 RM21 RM22 RM23 RM24 RM25 RM26 RM27 RM28 RM29 RM30 RM31 RM32 RM33 RM34 RM35 RM36 RM37;
set MI :=  MI01 MI02 MI03 MI04 MI05 MI06 MI07;
set DE :=  DE01 DE02 DE03 DE04 DE05 DE06 DE07 DE08 DE09 DE10 DE11 DE12 DE13 DE14 DE15 DE16 DE17 DE18 DE19 DE20 DE21 DE22 DE23 DE24 DE25 DE26 DE27 DE28 DE29 DE30;

param nuinrm(tr): RM01 RM02 RM03 RM04 RM05 RM06 RM07 RM08 RM09 RM10 RM11 RM12 RM13 RM14 RM15 RM16 RM17 RM18 RM19 RM20 RM21 RM22 RM23 RM24 RM25 RM26 RM27 RM28 RM29 RM30 RM31 RM32 RM33 RM34 RM35 RM36 RM37 :=
NU01       7.70500     7.70500    18.00000    13.01000     7.00000     7.64600    24.50000    19.79700    20.18400     5.80000    25.42200    12.00000    13.24100    13.24100    16.00000    16.18800    40.36700    47.92600    47.63300    79.83600    18.25800     0.00000     0.00000   284.94000     0.00000     0.00000     0.00000     0.00000     7.50000     7.50000     7.50000     7.90000     0.00000     0.00000     0.00000     0.00000     7.50000
NU02       3.10000     3.10000    15.00000     3.38300     1.20000     2.80000     3.00000     2.20000     2.20000     1.00000     8.12900     2.28500     2.21100     2.21100     4.00000     3.50000     1.64500     1.34200     1.22300     9.76700    38.93000     0.00000     0.00000     0.00000    96.00000    96.00000    96.00000    96.00000     0.10000     0.10000     0.10000     2.30000     0.00000     0.00000     0.00000    96.00000     0.10000
NU03       2.00000     2.00000    33.00000    10.00000     1.50000     3.10000     8.00000     8.00000     7.00000    45.00000     9.27500    60.00000    33.87900    33.87900     5.40000     9.58400    12.50000     7.21500     3.78000     1.50000     1.75000     0.00000     0.00000     0.00000     0.00000     0.00000     0.00000     0.00000     0.00000     0.00000     0.00000     3.30000     0.00000     0.00000     0.00000     0.00000     0.00000
NU04       0.04000     0.04000     0.14000     1.71000     0.01000     0.01000     0.16000     0.16000     0.16000     0.30000     0.09000     0.25000     0.50000     0.50000     0.07000     0.12000     0.17000     0.50000     0.40000     0.50000     0.14000    38.99600    21.39800     0.00000     0.00000     0.00000     0.00000     0.00000     0.70000     0.70000     0.70000     0.03000    38.99600     1.00000     0.00000     0.00000     0.70000
NU05       0.26000     0.26000     0.68000     0.60000     0.27000     0.22000     0.81000     0.81000     0.81000     0.10000     0.85000     0.06000     0.12200     0.12200     0.67000     1.00000     1.10000     0.54000     0.65000     0.30000     0.30000     0.04000    18.59800     0.00000     0.00000     0.00000     0.00000     0.00000     0.08000     0.08000     0.08000     0.27900     0.00000     0.00000     0.00000     0.00000     0.08000
NU06       0.00000     0.00000     0.00000     0.00000     0.00000     0.00000     0.00000     0.00000     0.00000     0.00000     0.00000     0.00000     0.00000     0.00000     0.00000     0.00000     0.00000     0.00000     0.00000     0.00000     0.00000     0.00000     0.00000     0.00000     0.00000     0.00000     0.00000     0.00000     0.00000     0.00000     0.00000     0.00000     0.00000     0.00000   100.00000     0.00000     0.00000
NU07       0.00000     0.00000     0.00000     1.75000     0.00000     0.00000     1.90000     0.00000     0.00000     0.00000     0.00000     0.00000     0.00000     0.00000     0.00000     0.00000     0.00000     0.00000     0.00000     0.00000     0.00000     0.00000     0.00000   284.94000     0.00000     0.00000     0.00000     0.00000     0.00000     0.00000     0.00000     0.00000     0.00000     0.00000     0.00000     0.00000     0.00000
NU08     138.78000   138.78000   132.92000   107.67000   150.05000   133.69000   107.19000   106.60000   114.27000    64.96100   120.33000    28.90600   115.14000   115.12000   124.20000   108.70000   116.11000   140.81000   148.88000   144.35000   251.32000     0.00000     0.00000     0.00000   403.50000   403.50000   403.50000   403.50000   100.03000   100.03000   100.03000   128.00000     0.00000     0.00000     0.00000   403.50000   100.03000
NU09     100.00000   100.00000     0.00000     0.00000     0.00000    94.00000     0.00000     0.00000     0.00000     0.00000     0.00000     0.00000     0.00000     0.00000     0.00000     0.00000     0.00000     0.00000     0.00000     0.00000     0.00000     0.00000     0.00000     0.00000     0.00000     0.00000     0.00000     0.00000     0.00000     0.00000     0.00000     0.00000     0.00000     0.00000     0.00000     0.00000     0.00000
;

param specs_ub: NU01 NU02 NU03 NU04 NU05 NU06 NU07 NU08 NU09 :=
DE01    26.17656     5.50000     7.00000     1.39990     0.72498   100.00000     3.00000   123.79690   100.00000  
DE02    26.40000     5.50000    15.50000     1.29980     0.72498   100.00000     3.00000   118.19920   100.00000  
DE03    25.95742   100.00000    18.00000     1.59985     0.74999   100.00000     2.84985   134.29690   100.00000  
DE04    24.96914     5.50000    25.50000     1.29980     0.56250   100.00000     3.00000   115.69920   100.00000  
DE05    22.10742     5.50000    25.50000     1.19995     0.56250   100.00000     0.00000   113.29690   100.00000  
DE06    21.77656     5.50000    25.50000     1.19995     0.56250   100.00000     3.00000   115.69920   100.00000  
DE07    21.77656     5.50000    25.50000     1.19995     0.56250   100.00000     0.00000   115.69920   100.00000  
DE08    19.57656     5.50000    25.50000     1.09985     0.56250   100.00000     3.00000   115.69920   100.00000  
DE09    19.80000     5.50000    25.50000     1.39990     0.68748   100.00000     0.00000   115.69920   100.00000  
DE10    23.97656     5.50000    25.50000     1.29980     0.56250   100.00000     0.00000   115.69920   100.00000  
DE11    23.86914     5.50000    25.50000     1.29980     0.56250   100.00000     0.00000   115.69920   100.00000  
DE12    23.86914     5.50000    25.50000     1.29980     0.56250   100.00000     0.00000   115.69920   100.00000  
DE13    21.77656     5.50000     9.50000     1.19995     0.56250   100.00000     0.00000   116.59770   100.00000  
DE14    21.88828     5.50000    25.50000     1.34985     0.71249   100.00000     0.00000   116.59770   100.00000  
DE15    21.77656     5.50000     8.00000     1.19995     0.68748   100.00000     0.00000   119.09770   100.00000  
DE16    21.77656     5.50000     8.00000     1.19995     0.68748   100.00000     0.00000   117.00000   100.00000  
DE17    21.77656     5.19995    25.50000     1.19995     0.72498   100.00000     3.00000   125.59770   100.00000  
DE18    21.77656     5.50000     7.00000     1.19995     0.72498   100.00000     3.00000   123.79690   100.00000  
DE19    21.77656     5.50000     7.00000     1.19995     0.72498   100.00000     0.00000   125.59770   100.00000  
DE20    19.46914     5.50000    25.50000     1.09985     0.72498   100.00000     0.00000   125.59770   100.00000  
DE21    21.66914     5.50000    25.50000     1.19995     0.72498   100.00000     0.00000   125.59770   100.00000  
DE22    23.86914     5.50000    25.50000     1.29980     0.68748   100.00000     0.00000   125.59770   100.00000  
DE23    23.86914     5.19995    25.50000     1.29980     0.72498   100.00000     0.00000   123.19920   100.00000  
DE24    26.06914     5.50000    15.50000     1.39990     0.72498   100.00000     0.00000   125.59770   100.00000  
DE25    23.86914     5.50000    18.00000     1.50000     0.74999   100.00000     2.84985   130.59770   100.00000  
DE26    25.95742     5.50000    18.00000     1.59985     0.74999   100.00000     2.84985   130.59770   100.00000  
DE27    21.55742     5.50000    15.50000     1.50000     0.68748   100.00000     0.00000   117.29690   100.00000  
DE28    23.75742     5.50000    15.50000     1.50000     0.68748   100.00000     0.00000   118.09770   100.00000  
DE29    21.55742     5.50000    15.50000     1.50000     0.68748   100.00000     3.00000   112.69920   100.00000  
DE30    22.00000     5.50000    30.00000     1.79980     0.62500   100.00000     1.50000   117.50000   100.00000  
;

param specs_lb: NU01 NU02 NU03 NU04 NU05 NU06 NU07 NU08 NU09 :=
DE01    23.79688     2.79980     0.00000     1.29980     0.57999     1.49994     0.00000   121.19920     0.00000  
DE02    24.00000     3.25000    10.00000     1.29980     0.57999     0.00000     0.00000   116.19920     3.00000  
DE03    23.59766     6.79980    15.00000     1.50000     0.59999     1.49994     0.00000   132.29690     0.00000  
DE04    22.69922     2.79980    12.50000     1.09985     0.45000     0.00000     0.00000   113.69920     0.00000  
DE05    20.09766     2.79980    12.50000     1.00000     0.45000     1.37482     0.00000   111.29690     0.00000  
DE06    19.79688     2.79980    12.50000     1.00000     0.45000     0.00000     0.00000   113.69920     0.00000  
DE07    19.79688     2.79980    12.50000     1.00000     0.45000     0.00000     0.00000   113.69920     0.00000  
DE08    17.79688     2.79980    12.50000     1.00000     0.45000     0.00000     0.00000   113.69920     0.00000  
DE09    18.00000     2.79980    12.50000     1.29980     0.54999     0.00000     0.00000   113.69920     0.00000  
DE10    21.79688     2.79980    12.50000     1.09985     0.45000     0.00000     0.00000   113.69920     0.00000  
DE11    21.69922     2.79980    12.50000     1.09985     0.45000     1.37482     0.00000   113.69920     0.00000  
DE12    21.69922     2.79980    12.50000     1.09985     0.45000     0.74999     0.00000   113.69920     0.00000  
DE13    19.79688     1.79980     0.00000     1.00000     0.45000     0.00000     0.00000   115.00000     7.50000  
DE14    19.89844     1.29980     0.00000     1.25977     0.56999     0.00000     0.00000   115.00000    10.50000  
DE15    19.79688     2.29980     0.00000     1.09985     0.54999     0.00000     0.00000   117.39840     0.00000  
DE16    19.79688     2.29980     0.00000     1.09985     0.54999     1.37482     0.00000   115.00000     0.00000  
DE17    19.79688     1.79980    10.00000     1.09985     0.57999     0.00000     0.00000   123.59770     4.00000  
DE18    19.79688     2.29980     0.00000     1.09985     0.57999     1.49994     0.00000   121.19920    15.50000  
DE19    19.79688     2.29980     0.00000     1.09985     0.57999     0.00000     0.00000   123.59770     0.00000  
DE20    17.69922     1.79980    11.00000     1.00000     0.57999     0.00000     0.00000   123.59770     0.00000  
DE21    19.69922     3.79980     9.00000     1.09985     0.57999     0.00000     0.00000   123.59770     7.50000  
DE22    21.69922     1.79980    10.00000     1.19995     0.54999     0.00000     0.00000   123.59770     7.25000  
DE23    21.69922     1.79980    11.00000     1.19995     0.57999     1.49994     0.00000   121.19920     0.00000  
DE24    23.69922     3.79980     9.50000     1.29980     0.57999     0.00000     0.00000   123.59770     8.50000  
DE25    21.69922     5.00000    12.00000     1.39990     0.59999     1.49994     0.00000   128.59770     0.00000  
DE26    23.59766     5.00000    12.00000     1.50000     0.59999     1.49994     0.00000   128.59770     0.00000  
DE27    19.59766     2.79980     5.50000     1.39990     0.54999     0.00000     0.00000   115.29690     0.00000  
DE28    21.59766     2.79980     5.50000     1.29980     0.54999     0.00000     0.00000   116.09770     0.00000  
DE29    19.59766     2.79980     5.50000     1.29980     0.54999     0.00000     0.00000   110.69920     0.00000  
DE30    20.00000     4.50000    19.50000     1.29980     0.50000     1.49994     0.00000   115.50000    12.50000  
;

param: tons :=
DE01    52.00000
DE02    11.00000
DE03     2.00000
DE04    36.00000
DE05    26.00000
DE06   434.00000
DE07     1.00000
DE08    23.00000
DE09    30.00000
DE10   108.00000
DE11    42.00000
DE12     1.00000
DE13    49.00000
DE14    42.00000
DE15     7.00000
DE16    25.00000
DE17    24.00000
DE18     2.00000
DE19   268.00000
DE20    57.00000
DE21   554.00000
DE22    32.00000
DE23    59.00000
DE24   120.00000
DE25    33.00000
DE26     4.00000
DE27     2.00000
DE28     1.00000
DE29     1.00000
DE30     1.00000
;

param: RMcost :=
RM01   123.11000
RM02   123.11000
RM03   154.00000
RM04    90.00000
RM05  99999.00000
RM06   104.68000
RM07   120.00000
RM08   109.00000
RM09    92.00000
RM10    65.00000
RM11   154.00000
RM12    60.00000
RM13    68.50000
RM14    95.00000
RM15   111.00000
RM16    90.00000
RM17   138.00000
RM18   300.00000
RM19   194.00000
RM20   225.00000
RM21   332.39000
RM22    24.00000
RM23   260.00000
RM24   185.00000
RM25   263.50000
RM26   263.50000
RM27   263.50000
RM28   263.50000
RM29    91.25000
RM30    88.25000
RM31    88.25000
RM32  1382.00000
RM33   169.00000
RM34   709.00000
RM35   241.00000
RM36  2635.00000
RM37   882.50000
;

param mu_lb: RM01 RM02 RM03 RM04 RM05 RM06 RM07 RM08 RM09 RM10 RM11 RM12 RM13 RM14 RM15 RM16 RM17 RM18 RM19 RM20 RM21 RM22 RM23 RM24 RM25 RM26 RM27 RM28 RM29 RM30 RM31 RM32 RM33 RM34 RM35 RM36 RM37 MI01 MI02 MI03 MI04 MI05 MI06 MI07 :=
MI01     0.00000    0.00000    0.00000    0.00000    0.00000    0.00000    0.00000    0.00000    0.00000    0.00000    0.00000    0.00000    0.00000    0.00000    0.00000    0.00000    0.00000    0.00000    0.00000    0.00000    0.00000    0.00000    0.00000    0.00000    0.00000    0.00000    0.00000    0.00000    0.00000    0.00000    0.00000    0.00000    0.00000    0.00000    0.00000    0.00000    0.00000    0.00000    0.00000    0.00000    0.00000    0.00000    0.00000    0.00000 
MI02     0.00000    0.00000    0.00000    0.00000    0.00000    0.00000    0.00000    0.00000    0.00000    0.00000    0.00000    0.00000    0.00000    0.00000    0.00000    0.00000    0.00000    0.00000    0.00000    0.00000    0.00000    0.00000    0.00000    0.00000    0.00000    0.00000    0.00000    0.00000    0.00000    0.00000    0.00000    0.00000    0.00000    0.00000    0.00000    0.00000    0.00000    0.00000    0.00000    0.00000    0.00000    0.00000    0.00000    0.00000 
MI03     0.00000    0.00000    0.00000    0.00000    0.00000    0.00000    0.00000    0.00000    0.00000    0.00000    0.00000    0.00000    0.00000    0.00000    0.00000    0.00000    0.00000    0.00000    0.00000    0.00000    0.00000    0.00000    0.00000    0.00000    0.00000    0.00000    0.00000    0.00000    0.00000    0.00000    0.00000    0.00000    0.00000    0.00000    0.00000    0.00000    0.00000    0.00000    0.00000    0.00000    0.00000    0.00000    0.00000    0.00000 
MI04     0.00000    0.00000    0.00000    0.00000    0.00000    0.00000    0.00000    0.00000    0.00000    0.00000    0.00000    0.00000    0.00000    0.00000    0.00000    0.00000    0.00000    0.00000    0.00000    0.00000    0.00000    0.00000    0.00000    0.00000    0.00000    0.00000    0.00000    0.00000    0.00000    0.00000    0.00000    0.00000    0.00000    0.00000    0.00000    0.00000    0.00000    0.00000    0.00000    0.00000    0.00000    0.00000    0.00000    0.00000 
MI05     0.00000    0.00000    0.00000    0.00000    0.00000    0.00000    0.00000    0.00000    0.00000    0.00000    0.00000    0.00000    0.00000    0.00000    0.00000    0.00000    0.00000    0.00000    0.00000    0.00000    0.00000    0.00000    0.00000    0.00000    0.00000    0.00000    0.00000    0.00000    0.00000    0.00000    0.00000    0.00000    0.00000    0.00000    0.00000    0.00000    0.00000    0.00000    0.00000    0.00000    0.00000    0.00000    0.00000    0.00000 
MI06     0.00000    0.00000    0.00000    0.00000    0.00000    0.00000    0.00000    0.00000    0.00000    0.00000    0.00000    0.00000    0.00000    0.00000    0.00000    0.00000    0.00000    0.00000    0.00000    0.00000    0.00000    0.00000    0.00000    0.00000    0.00000    0.00000    0.00000    0.00000    0.00000    0.00000    0.00000    0.00000    0.00000    0.00000    0.00000    0.00000    0.00000    0.00000    0.00000    0.00000    0.00000    0.00000    0.00000    0.00000 
MI07     0.00000    0.00000    0.00000    0.00000    0.00000    0.00000    0.00000    0.00000    0.00000    0.00000    0.00000    0.00000    0.00000    0.00000    0.00000    0.00000    0.00000    0.00000    0.00000    0.00000    0.00000    0.00000    0.00000    0.00000    0.00000    0.00000    0.00000    0.00000    0.00000    0.00000    0.00000    0.00000    0.00000    0.00000    0.00000    0.00000    0.00000    0.00000    0.00000    0.00000    0.00000    0.00000    0.00000    0.00000 
;

param mu_ub: RM01 RM02 RM03 RM04 RM05 RM06 RM07 RM08 RM09 RM10 RM11 RM12 RM13 RM14 RM15 RM16 RM17 RM18 RM19 RM20 RM21 RM22 RM23 RM24 RM25 RM26 RM27 RM28 RM29 RM30 RM31 RM32 RM33 RM34 RM35 RM36 RM37 MI01 MI02 MI03 MI04 MI05 MI06 MI07 :=
MI01     1.00000    1.00000    1.00000    1.00000    1.00000    1.00000    1.00000    1.00000    1.00000    1.00000    1.00000    1.00000    1.00000    1.00000    1.00000    1.00000    1.00000    1.00000    1.00000    1.00000    1.00000    1.00000    1.00000    1.00000    0.05000    0.00000    0.00500    0.00500    0.05000    0.05000    0.00000    1.00000    1.00000    1.00000    0.05000    0.00000    0.00000    0.00000    0.00000    0.00000    0.00000    0.00000    0.00000    0.00000 
MI02     1.00000    1.00000    1.00000    1.00000    1.00000    1.00000    1.00000    1.00000    1.00000    1.00000    1.00000    1.00000    1.00000    1.00000    1.00000    1.00000    1.00000    1.00000    1.00000    1.00000    1.00000    1.00000    1.00000    1.00000    0.05000    0.00000    0.00500    0.00500    0.05000    0.05000    0.00000    1.00000    1.00000    1.00000    0.05000    0.00000    0.00000    0.00000    0.00000    0.00000    0.00000    0.00000    0.00000    0.00000 
MI03     1.00000    1.00000    1.00000    1.00000    1.00000    1.00000    1.00000    1.00000    1.00000    1.00000    1.00000    1.00000    1.00000    1.00000    1.00000    1.00000    1.00000    1.00000    1.00000    1.00000    1.00000    1.00000    1.00000    1.00000    0.05000    0.00000    0.00500    0.00500    0.05000    0.05000    0.00000    1.00000    1.00000    1.00000    0.05000    0.00000    0.00000    0.00000    0.00000    0.00000    0.00000    0.00000    0.00000    0.00000 
MI04     1.00000    1.00000    1.00000    1.00000    1.00000    1.00000    1.00000    1.00000    1.00000    1.00000    1.00000    1.00000    1.00000    1.00000    1.00000    1.00000    1.00000    1.00000    1.00000    1.00000    1.00000    1.00000    1.00000    1.00000    0.05000    0.00000    0.00500    0.00500    0.05000    0.05000    0.00000    1.00000    1.00000    1.00000    0.05000    0.00000    0.00000    0.00000    0.00000    0.00000    0.00000    0.00000    0.00000    0.00000 
MI05     1.00000    1.00000    1.00000    1.00000    1.00000    1.00000    1.00000    1.00000    1.00000    1.00000    1.00000    1.00000    1.00000    1.00000    1.00000    1.00000    1.00000    1.00000    1.00000    1.00000    1.00000    1.00000    1.00000    1.00000    0.05000    0.00000    0.00500    0.00500    0.05000    0.05000    0.00000    1.00000    1.00000    1.00000    0.05000    0.00000    0.00000    0.00000    0.00000    0.00000    0.00000    0.00000    0.00000    0.00000 
MI06     1.00000    1.00000    1.00000    1.00000    1.00000    1.00000    1.00000    1.00000    1.00000    1.00000    1.00000    1.00000    1.00000    1.00000    1.00000    1.00000    1.00000    1.00000    1.00000    1.00000    1.00000    1.00000    1.00000    1.00000    0.05000    0.00000    0.00500    0.00500    0.05000    0.05000    0.00000    1.00000    1.00000    1.00000    0.05000    0.00000    0.00000    0.00000    0.00000    0.00000    0.00000    0.00000    0.00000    0.00000 
MI07     1.00000    1.00000    1.00000    1.00000    1.00000    1.00000    1.00000    1.00000    1.00000    1.00000    1.00000    1.00000    1.00000    1.00000    1.00000    1.00000    1.00000    1.00000    1.00000    1.00000    1.00000    1.00000    1.00000    1.00000    0.05000    0.00000    0.00500    0.00500    0.05000    0.05000    0.00000    1.00000    1.00000    1.00000    0.05000    0.00000    0.00000    0.00000    0.00000    0.00000    0.00000    0.00000    0.00000    0.00000 
;

param lam_lb: RM01 RM02 RM03 RM04 RM05 RM06 RM07 RM08 RM09 RM10 RM11 RM12 RM13 RM14 RM15 RM16 RM17 RM18 RM19 RM20 RM21 RM22 RM23 RM24 RM25 RM26 RM27 RM28 RM29 RM30 RM31 RM32 RM33 RM34 RM35 RM36 RM37 MI01 MI02 MI03 MI04 MI05 MI06 MI07 :=
DE01     0.00000    0.00000    0.00000    0.00000    0.00000    0.00000    0.00000    0.00000    0.00000    0.00000    0.00000    0.00000    0.00000    0.00000    0.00000    0.00000    0.00000    0.00000    0.00000    0.00000    0.00000    0.00000    0.00000    0.00000    0.00000    0.00000    0.00000    0.00000    0.00000    0.00000    0.00000    0.00000    0.00000    0.00000    0.00000    0.00500    0.01000    0.00000    0.00000    0.00000    0.00000    0.00000    0.00000    0.00000 
DE02     0.00000    0.00000    0.00000    0.00000    0.00000    0.00000    0.00000    0.00000    0.00000    0.00000    0.00000    0.00000    0.00000    0.00000    0.00000    0.00000    0.00000    0.00000    0.00000    0.00000    0.00000    0.00000    0.00000    0.00000    0.00000    0.00000    0.00000    0.00000    0.00000    0.00000    0.00000    0.00000    0.00000    0.00000    0.00000    0.00500    0.01000    0.00000    0.00000    0.00000    0.00000    0.00000    0.00000    0.00000 
DE03     0.00000    0.00000    0.00000    0.00000    0.00000    0.00000    0.00000    0.00000    0.00000    0.00000    0.00000    0.00000    0.00000    0.00000    0.00000    0.00000    0.00000    0.00000    0.00000    0.00000    0.00000    0.00000    0.00000    0.00000    0.00000    0.00000    0.00000    0.00000    0.00000    0.00000    0.00000    0.00000    0.00000    0.00000    0.00000    0.00500    0.01000    0.00000    0.00000    0.00000    0.00000    0.00000    0.00000    0.00000 
DE04     0.00000    0.00000    0.00000    0.00000    0.00000    0.00000    0.00000    0.00000    0.00000    0.00000    0.00000    0.00000    0.00000    0.00000    0.00000    0.00000    0.00000    0.00000    0.00000    0.00000    0.00000    0.00000    0.00000    0.00000    0.00000    0.00000    0.00000    0.00000    0.00000    0.00000    0.00000    0.00000    0.00000    0.00000    0.00000    0.00500    0.01000    0.00000    0.00000    0.00000    0.00000    0.00000    0.00000    0.00000 
DE05     0.00000    0.00000    0.00000    0.00000    0.00000    0.00000    0.00000    0.00000    0.00000    0.00000    0.00000    0.00000    0.00000    0.00000    0.00000    0.00000    0.00000    0.00000    0.00000    0.00000    0.00000    0.00000    0.00000    0.00000    0.00000    0.00000    0.00000    0.00000    0.00000    0.00000    0.00000    0.00000    0.00000    0.00000    0.00000    0.00500    0.01000    0.00000    0.00000    0.00000    0.00000    0.00000    0.00000    0.00000 
DE06     0.00000    0.00000    0.00000    0.00000    0.00000    0.00000    0.00000    0.00000    0.00000    0.00000    0.00000    0.00000    0.00000    0.00000    0.00000    0.00000    0.00000    0.00000    0.00000    0.00000    0.00000    0.00000    0.00000    0.00000    0.00000    0.00000    0.00000    0.00000    0.00000    0.00000    0.00000    0.00000    0.00000    0.00000    0.00000    0.00500    0.01000    0.00000    0.00000    0.00000    0.00000    0.00000    0.00000    0.00000 
DE07     0.00000    0.00000    0.00000    0.00000    0.00000    0.00000    0.00000    0.00000    0.00000    0.00000    0.00000    0.00000    0.00000    0.00000    0.00000    0.00000    0.00000    0.00000    0.00000    0.00000    0.00000    0.00000    0.00000    0.00000    0.00000    0.00000    0.00000    0.00000    0.00000    0.00000    0.00000    0.00000    0.00000    0.00000    0.00000    0.00500    0.01000    0.00000    0.00000    0.00000    0.00000    0.00000    0.00000    0.00000 
DE08     0.00000    0.00000    0.00000    0.00000    0.00000    0.00000    0.00000    0.00000    0.00000    0.00000    0.00000    0.00000    0.00000    0.00000    0.00000    0.00000    0.00000    0.00000    0.00000    0.00000    0.00000    0.00000    0.00000    0.00000    0.00000    0.00000    0.00000    0.00000    0.00000    0.00000    0.00000    0.00000    0.00000    0.00000    0.00000    0.00500    0.01000    0.00000    0.00000    0.00000    0.00000    0.00000    0.00000    0.00000 
DE09     0.00000    0.00000    0.00000    0.00000    0.00000    0.00000    0.00000    0.00000    0.00000    0.00000    0.00000    0.00000    0.00000    0.00000    0.00000    0.00000    0.00000    0.00000    0.00000    0.00000    0.00000    0.00000    0.00000    0.00000    0.00000    0.00000    0.00000    0.00000    0.00000    0.00000    0.00000    0.00000    0.00000    0.00000    0.00000    0.00500    0.01000    0.00000    0.00000    0.00000    0.00000    0.00000    0.00000    0.00000 
DE10     0.00000    0.00000    0.00000    0.00000    0.00000    0.00000    0.00000    0.00000    0.00000    0.00000    0.00000    0.00000    0.00000    0.00000    0.00000    0.00000    0.00000    0.00000    0.00000    0.00000    0.00000    0.00000    0.00000    0.00000    0.00000    0.00000    0.00000    0.00000    0.00000    0.00000    0.00000    0.00000    0.00000    0.00000    0.00000    0.00500    0.01000    0.00000    0.00000    0.00000    0.00000    0.00000    0.00000    0.00000 
DE11     0.00000    0.00000    0.00000    0.00000    0.00000    0.00000    0.00000    0.00000    0.00000    0.00000    0.00000    0.00000    0.00000    0.00000    0.00000    0.00000    0.00000    0.00000    0.00000    0.00000    0.00000    0.00000    0.00000    0.00000    0.00000    0.00000    0.00000    0.00000    0.00000    0.00000    0.00000    0.00000    0.00000    0.00000    0.00000    0.00500    0.01000    0.00000    0.00000    0.00000    0.00000    0.00000    0.00000    0.00000 
DE12     0.00000    0.00000    0.00000    0.00000    0.00000    0.00000    0.00000    0.00000    0.00000    0.00000    0.00000    0.00000    0.00000    0.00000    0.00000    0.00000    0.00000    0.00000    0.00000    0.00000    0.00000    0.00000    0.00000    0.00000    0.00000    0.00000    0.00000    0.00000    0.00000    0.00000    0.00000    0.00000    0.00000    0.00000    0.00000    0.00500    0.01000    0.00000    0.00000    0.00000    0.00000    0.00000    0.00000    0.00000 
DE13     0.00000    0.00000    0.00000    0.00000    0.00000    0.00000    0.00000    0.00000    0.00000    0.00000    0.00000    0.00000    0.00000    0.00000    0.00000    0.00000    0.00000    0.00000    0.00000    0.00000    0.00000    0.00000    0.00000    0.00000    0.00000    0.00000    0.00000    0.00000    0.00000    0.00000    0.00000    0.00000    0.00000    0.00000    0.00000    0.00500    0.01000    0.00000    0.00000    0.00000    0.00000    0.00000    0.00000    0.00000 
DE14     0.00000    0.00000    0.00000    0.00000    0.00000    0.00000    0.00000    0.00000    0.00000    0.00000    0.00000    0.00000    0.00000    0.00000    0.00000    0.00000    0.00000    0.00000    0.00000    0.00000    0.00000    0.00000    0.00000    0.00000    0.00000    0.00000    0.00000    0.00000    0.00000    0.00000    0.00000    0.00000    0.00000    0.00000    0.00000    0.00500    0.01000    0.00000    0.00000    0.00000    0.00000    0.00000    0.00000    0.00000 
DE15     0.00000    0.00000    0.00000    0.00000    0.00000    0.00000    0.00000    0.00000    0.00000    0.00000    0.00000    0.00000    0.00000    0.00000    0.00000    0.00000    0.00000    0.00000    0.00000    0.00000    0.00000    0.00000    0.00000    0.00000    0.00000    0.00000    0.00000    0.00000    0.00000    0.00000    0.00000    0.00000    0.00000    0.00000    0.00000    0.00500    0.01000    0.00000    0.00000    0.00000    0.00000    0.00000    0.00000    0.00000 
DE16     0.00000    0.00000    0.00000    0.00000    0.00000    0.00000    0.00000    0.00000    0.00000    0.00000    0.00000    0.00000    0.00000    0.00000    0.00000    0.00000    0.00000    0.00000    0.00000    0.00000    0.00000    0.00000    0.00000    0.00000    0.00000    0.00000    0.00000    0.00000    0.00000    0.00000    0.00000    0.00000    0.00000    0.00000    0.00000    0.00500    0.01000    0.00000    0.00000    0.00000    0.00000    0.00000    0.00000    0.00000 
DE17     0.00000    0.00000    0.00000    0.00000    0.00000    0.00000    0.00000    0.00000    0.00000    0.00000    0.00000    0.00000    0.00000    0.00000    0.00000    0.00000    0.00000    0.00000    0.00000    0.00000    0.00000    0.00000    0.00000    0.00000    0.00000    0.00000    0.00000    0.00000    0.00000    0.00000    0.00000    0.00000    0.00000    0.00000    0.00000    0.00500    0.01000    0.00000    0.00000    0.00000    0.00000    0.00000    0.00000    0.00000 
DE18     0.00000    0.00000    0.00000    0.00000    0.00000    0.00000    0.00000    0.00000    0.00000    0.00000    0.00000    0.00000    0.00000    0.00000    0.00000    0.00000    0.00000    0.00000    0.00000    0.00000    0.00000    0.00000    0.00000    0.00000    0.00000    0.00000    0.00000    0.00000    0.00000    0.00000    0.00000    0.00000    0.00000    0.00000    0.00000    0.00500    0.01000    0.00000    0.00000    0.00000    0.00000    0.00000    0.00000    0.00000 
DE19     0.00000    0.00000    0.00000    0.00000    0.00000    0.00000    0.00000    0.00000    0.00000    0.00000    0.00000    0.00000    0.00000    0.00000    0.00000    0.00000    0.00000    0.00000    0.00000    0.00000    0.00000    0.00000    0.00000    0.00000    0.00000    0.00000    0.00000    0.00000    0.00000    0.00000    0.00000    0.00000    0.00000    0.00000    0.00000    0.00500    0.01000    0.00000    0.00000    0.00000    0.00000    0.00000    0.00000    0.00000 
DE20     0.00000    0.00000    0.00000    0.00000    0.00000    0.00000    0.00000    0.00000    0.00000    0.00000    0.00000    0.00000    0.00000    0.00000    0.00000    0.00000    0.00000    0.00000    0.00000    0.00000    0.00000    0.00000    0.00000    0.00000    0.00000    0.00000    0.00000    0.00000    0.00000    0.00000    0.00000    0.00000    0.00000    0.00000    0.00000    0.00500    0.01000    0.00000    0.00000    0.00000    0.00000    0.00000    0.00000    0.00000 
DE21     0.00000    0.00000    0.00000    0.00000    0.00000    0.00000    0.00000    0.00000    0.00000    0.00000    0.00000    0.00000    0.00000    0.00000    0.00000    0.00000    0.00000    0.00000    0.00000    0.00000    0.00000    0.00000    0.00000    0.00000    0.00000    0.00000    0.00000    0.00000    0.00000    0.00000    0.00000    0.00000    0.00000    0.00000    0.00000    0.00500    0.01000    0.00000    0.00000    0.00000    0.00000    0.00000    0.00000    0.00000 
DE22     0.00000    0.00000    0.00000    0.00000    0.00000    0.00000    0.00000    0.00000    0.00000    0.00000    0.00000    0.00000    0.00000    0.00000    0.00000    0.00000    0.00000    0.00000    0.00000    0.00000    0.00000    0.00000    0.00000    0.00000    0.00000    0.00000    0.00000    0.00000    0.00000    0.00000    0.00000    0.00000    0.00000    0.00000    0.00000    0.00500    0.01000    0.00000    0.00000    0.00000    0.00000    0.00000    0.00000    0.00000 
DE23     0.00000    0.00000    0.00000    0.00000    0.00000    0.00000    0.00000    0.00000    0.00000    0.00000    0.00000    0.00000    0.00000    0.00000    0.00000    0.00000    0.00000    0.00000    0.00000    0.00000    0.00000    0.00000    0.00000    0.00000    0.00000    0.00000    0.00000    0.00000    0.00000    0.00000    0.00000    0.00000    0.00000    0.00000    0.00000    0.00500    0.01000    0.00000    0.00000    0.00000    0.00000    0.00000    0.00000    0.00000 
DE24     0.00000    0.00000    0.00000    0.00000    0.00000    0.00000    0.00000    0.00000    0.00000    0.00000    0.00000    0.00000    0.00000    0.00000    0.00000    0.00000    0.00000    0.00000    0.00000    0.00000    0.00000    0.00000    0.00000    0.00000    0.00000    0.00000    0.00000    0.00000    0.00000    0.00000    0.00000    0.00000    0.00000    0.00000    0.00000    0.00500    0.01000    0.00000    0.00000    0.00000    0.00000    0.00000    0.00000    0.00000 
DE25     0.00000    0.00000    0.00000    0.00000    0.00000    0.00000    0.00000    0.00000    0.00000    0.00000    0.00000    0.00000    0.00000    0.00000    0.00000    0.00000    0.00000    0.00000    0.00000    0.00000    0.00000    0.00000    0.00000    0.00000    0.00000    0.00000    0.00000    0.00000    0.00000    0.00000    0.00000    0.00000    0.00000    0.00000    0.00000    0.00500    0.01000    0.00000    0.00000    0.00000    0.00000    0.00000    0.00000    0.00000 
DE26     0.00000    0.00000    0.00000    0.00000    0.00000    0.00000    0.00000    0.00000    0.00000    0.00000    0.00000    0.00000    0.00000    0.00000    0.00000    0.00000    0.00000    0.00000    0.00000    0.00000    0.00000    0.00000    0.00000    0.00000    0.00000    0.00000    0.00000    0.00000    0.00000    0.00000    0.00000    0.00000    0.00000    0.00000    0.00000    0.00500    0.01000    0.00000    0.00000    0.00000    0.00000    0.00000    0.00000    0.00000 
DE27     0.00000    0.00000    0.00000    0.00000    0.00000    0.00000    0.00000    0.00000    0.00000    0.00000    0.00000    0.00000    0.00000    0.00000    0.00000    0.00000    0.00000    0.00000    0.00000    0.00000    0.00000    0.00000    0.00000    0.00000    0.00000    0.00000    0.00000    0.00000    0.00000    0.00000    0.00000    0.00000    0.00000    0.00000    0.00000    0.00500    0.01000    0.00000    0.00000    0.00000    0.00000    0.00000    0.00000    0.00000 
DE28     0.00000    0.00000    0.00000    0.00000    0.00000    0.00000    0.00000    0.00000    0.00000    0.00000    0.00000    0.00000    0.00000    0.00000    0.00000    0.00000    0.00000    0.00000    0.00000    0.00000    0.00000    0.00000    0.00000    0.00000    0.00000    0.00000    0.00000    0.00000    0.00000    0.00000    0.00000    0.00000    0.00000    0.00000    0.00000    0.00500    0.01000    0.00000    0.00000    0.00000    0.00000    0.00000    0.00000    0.00000 
DE29     0.00000    0.00000    0.00000    0.00000    0.00000    0.00000    0.00000    0.00000    0.00000    0.00000    0.00000    0.00000    0.00000    0.00000    0.00000    0.00000    0.00000    0.00000    0.00000    0.00000    0.00000    0.00000    0.00000    0.00000    0.00000    0.00000    0.00000    0.00000    0.00000    0.00000    0.00000    0.00000    0.00000    0.00000    0.00000    0.00500    0.01000    0.00000    0.00000    0.00000    0.00000    0.00000    0.00000    0.00000 
DE30     0.00000    0.00000    0.00000    0.00000    0.00000    0.00000    0.00000    0.00000    0.00000    0.00000    0.00000    0.00000    0.00000    0.00000    0.00000    0.00000    0.00000    0.00000    0.00000    0.00000    0.00000    0.00000    0.00000    0.00000    0.00000    0.00000    0.00000    0.00000    0.00000    0.00000    0.00000    0.00000    0.00000    0.00000    0.00000    0.00500    0.01000    0.00000    0.00000    0.00000    0.00000    0.00000    0.00000    0.00000 
;

param lam_ub: RM01 RM02 RM03 RM04 RM05 RM06 RM07 RM08 RM09 RM10 RM11 RM12 RM13 RM14 RM15 RM16 RM17 RM18 RM19 RM20 RM21 RM22 RM23 RM24 RM25 RM26 RM27 RM28 RM29 RM30 RM31 RM32 RM33 RM34 RM35 RM36 RM37 MI01 MI02 MI03 MI04 MI05 MI06 MI07 :=
DE01     0.00000    0.00000    0.00000    0.00000    0.00000    0.00000    0.00000    0.00000    0.00000    0.00000    0.00000    0.00000    0.00000    0.00000    0.00000    0.00000    0.00000    0.00000    0.00000    0.00000    0.00000    0.00000    0.00000    0.00000    0.00000    0.00000    0.00000    0.00000    0.00000    0.00000    0.00000    0.00000    0.00000    0.00000    0.00000    0.01500    0.02500    1.00000    1.00000    1.00000    1.00000    1.00000    1.00000    1.00000 
DE02     0.00000    0.00000    0.00000    0.00000    0.00000    0.00000    0.00000    0.00000    0.00000    0.00000    0.00000    0.00000    0.00000    0.00000    0.00000    0.00000    0.00000    0.00000    0.00000    0.00000    0.00000    0.00000    0.00000    0.00000    0.00000    0.00000    0.00000    0.00000    0.00000    0.00000    0.00000    0.00000    0.00000    0.00000    0.00000    0.01500    0.02500    1.00000    1.00000    1.00000    1.00000    1.00000    1.00000    1.00000 
DE03     0.00000    0.00000    0.00000    0.00000    0.00000    0.00000    0.00000    0.00000    0.00000    0.00000    0.00000    0.00000    0.00000    0.00000    0.00000    0.00000    0.00000    0.00000    0.00000    0.00000    0.00000    0.00000    0.00000    0.00000    0.00000    0.00000    0.00000    0.00000    0.00000    0.00000    0.00000    0.00000    0.00000    0.00000    0.00000    0.01500    0.02500    1.00000    1.00000    1.00000    1.00000    1.00000    1.00000    1.00000 
DE04     0.00000    0.00000    0.00000    0.00000    0.00000    0.00000    0.00000    0.00000    0.00000    0.00000    0.00000    0.00000    0.00000    0.00000    0.00000    0.00000    0.00000    0.00000    0.00000    0.00000    0.00000    0.00000    0.00000    0.00000    0.00000    0.00000    0.00000    0.00000    0.00000    0.00000    0.00000    0.00000    0.00000    0.00000    0.00000    0.01500    0.02500    1.00000    1.00000    1.00000    1.00000    1.00000    1.00000    1.00000 
DE05     0.00000    0.00000    0.00000    0.00000    0.00000    0.00000    0.00000    0.00000    0.00000    0.00000    0.00000    0.00000    0.00000    0.00000    0.00000    0.00000    0.00000    0.00000    0.00000    0.00000    0.00000    0.00000    0.00000    0.00000    0.00000    0.00000    0.00000    0.00000    0.00000    0.00000    0.00000    0.00000    0.00000    0.00000    0.00000    0.01500    0.02500    1.00000    1.00000    1.00000    1.00000    1.00000    1.00000    1.00000 
DE06     0.00000    0.00000    0.00000    0.00000    0.00000    0.00000    0.00000    0.00000    0.00000    0.00000    0.00000    0.00000    0.00000    0.00000    0.00000    0.00000    0.00000    0.00000    0.00000    0.00000    0.00000    0.00000    0.00000    0.00000    0.00000    0.00000    0.00000    0.00000    0.00000    0.00000    0.00000    0.00000    0.00000    0.00000    0.00000    0.01500    0.02500    1.00000    1.00000    1.00000    1.00000    1.00000    1.00000    1.00000 
DE07     0.00000    0.00000    0.00000    0.00000    0.00000    0.00000    0.00000    0.00000    0.00000    0.00000    0.00000    0.00000    0.00000    0.00000    0.00000    0.00000    0.00000    0.00000    0.00000    0.00000    0.00000    0.00000    0.00000    0.00000    0.00000    0.00000    0.00000    0.00000    0.00000    0.00000    0.00000    0.00000    0.00000    0.00000    0.00000    0.01500    0.02500    1.00000    1.00000    1.00000    1.00000    1.00000    1.00000    1.00000 
DE08     0.00000    0.00000    0.00000    0.00000    0.00000    0.00000    0.00000    0.00000    0.00000    0.00000    0.00000    0.00000    0.00000    0.00000    0.00000    0.00000    0.00000    0.00000    0.00000    0.00000    0.00000    0.00000    0.00000    0.00000    0.00000    0.00000    0.00000    0.00000    0.00000    0.00000    0.00000    0.00000    0.00000    0.00000    0.00000    0.01500    0.02500    1.00000    1.00000    1.00000    1.00000    1.00000    1.00000    1.00000 
DE09     0.00000    0.00000    0.00000    0.00000    0.00000    0.00000    0.00000    0.00000    0.00000    0.00000    0.00000    0.00000    0.00000    0.00000    0.00000    0.00000    0.00000    0.00000    0.00000    0.00000    0.00000    0.00000    0.00000    0.00000    0.00000    0.00000    0.00000    0.00000    0.00000    0.00000    0.00000    0.00000    0.00000    0.00000    0.00000    0.01500    0.02500    1.00000    1.00000    1.00000    1.00000    1.00000    1.00000    1.00000 
DE10     0.00000    0.00000    0.00000    0.00000    0.00000    0.00000    0.00000    0.00000    0.00000    0.00000    0.00000    0.00000    0.00000    0.00000    0.00000    0.00000    0.00000    0.00000    0.00000    0.00000    0.00000    0.00000    0.00000    0.00000    0.00000    0.00000    0.00000    0.00000    0.00000    0.00000    0.00000    0.00000    0.00000    0.00000    0.00000    0.01500    0.02500    1.00000    1.00000    1.00000    1.00000    1.00000    1.00000    1.00000 
DE11     0.00000    0.00000    0.00000    0.00000    0.00000    0.00000    0.00000    0.00000    0.00000    0.00000    0.00000    0.00000    0.00000    0.00000    0.00000    0.00000    0.00000    0.00000    0.00000    0.00000    0.00000    0.00000    0.00000    0.00000    0.00000    0.00000    0.00000    0.00000    0.00000    0.00000    0.00000    0.00000    0.00000    0.00000    0.00000    0.01500    0.02500    1.00000    1.00000    1.00000    1.00000    1.00000    1.00000    1.00000 
DE12     0.00000    0.00000    0.00000    0.00000    0.00000    0.00000    0.00000    0.00000    0.00000    0.00000    0.00000    0.00000    0.00000    0.00000    0.00000    0.00000    0.00000    0.00000    0.00000    0.00000    0.00000    0.00000    0.00000    0.00000    0.00000    0.00000    0.00000    0.00000    0.00000    0.00000    0.00000    0.00000    0.00000    0.00000    0.00000    0.01500    0.02500    1.00000    1.00000    1.00000    1.00000    1.00000    1.00000    1.00000 
DE13     0.00000    0.00000    0.00000    0.00000    0.00000    0.00000    0.00000    0.00000    0.00000    0.00000    0.00000    0.00000    0.00000    0.00000    0.00000    0.00000    0.00000    0.00000    0.00000    0.00000    0.00000    0.00000    0.00000    0.00000    0.00000    0.00000    0.00000    0.00000    0.00000    0.00000    0.00000    0.00000    0.00000    0.00000    0.00000    0.01500    0.02500    1.00000    1.00000    1.00000    1.00000    1.00000    1.00000    1.00000 
DE14     0.00000    0.00000    0.00000    0.00000    0.00000    0.00000    0.00000    0.00000    0.00000    0.00000    0.00000    0.00000    0.00000    0.00000    0.00000    0.00000    0.00000    0.00000    0.00000    0.00000    0.00000    0.00000    0.00000    0.00000    0.00000    0.00000    0.00000    0.00000    0.00000    0.00000    0.00000    0.00000    0.00000    0.00000    0.00000    0.01500    0.02500    1.00000    1.00000    1.00000    1.00000    1.00000    1.00000    1.00000 
DE15     0.00000    0.00000    0.00000    0.00000    0.00000    0.00000    0.00000    0.00000    0.00000    0.00000    0.00000    0.00000    0.00000    0.00000    0.00000    0.00000    0.00000    0.00000    0.00000    0.00000    0.00000    0.00000    0.00000    0.00000    0.00000    0.00000    0.00000    0.00000    0.00000    0.00000    0.00000    0.00000    0.00000    0.00000    0.00000    0.01500    0.02500    1.00000    1.00000    1.00000    1.00000    1.00000    1.00000    1.00000 
DE16     0.00000    0.00000    0.00000    0.00000    0.00000    0.00000    0.00000    0.00000    0.00000    0.00000    0.00000    0.00000    0.00000    0.00000    0.00000    0.00000    0.00000    0.00000    0.00000    0.00000    0.00000    0.00000    0.00000    0.00000    0.00000    0.00000    0.00000    0.00000    0.00000    0.00000    0.00000    0.00000    0.00000    0.00000    0.00000    0.01500    0.02500    1.00000    1.00000    1.00000    1.00000    1.00000    1.00000    1.00000 
DE17     0.00000    0.00000    0.00000    0.00000    0.00000    0.00000    0.00000    0.00000    0.00000    0.00000    0.00000    0.00000    0.00000    0.00000    0.00000    0.00000    0.00000    0.00000    0.00000    0.00000    0.00000    0.00000    0.00000    0.00000    0.00000    0.00000    0.00000    0.00000    0.00000    0.00000    0.00000    0.00000    0.00000    0.00000    0.00000    0.01500    0.02500    1.00000    1.00000    1.00000    1.00000    1.00000    1.00000    1.00000 
DE18     0.00000    0.00000    0.00000    0.00000    0.00000    0.00000    0.00000    0.00000    0.00000    0.00000    0.00000    0.00000    0.00000    0.00000    0.00000    0.00000    0.00000    0.00000    0.00000    0.00000    0.00000    0.00000    0.00000    0.00000    0.00000    0.00000    0.00000    0.00000    0.00000    0.00000    0.00000    0.00000    0.00000    0.00000    0.00000    0.01500    0.02500    1.00000    1.00000    1.00000    1.00000    1.00000    1.00000    1.00000 
DE19     0.00000    0.00000    0.00000    0.00000    0.00000    0.00000    0.00000    0.00000    0.00000    0.00000    0.00000    0.00000    0.00000    0.00000    0.00000    0.00000    0.00000    0.00000    0.00000    0.00000    0.00000    0.00000    0.00000    0.00000    0.00000    0.00000    0.00000    0.00000    0.00000    0.00000    0.00000    0.00000    0.00000    0.00000    0.00000    0.01500    0.02500    1.00000    1.00000    1.00000    1.00000    1.00000    1.00000    1.00000 
DE20     0.00000    0.00000    0.00000    0.00000    0.00000    0.00000    0.00000    0.00000    0.00000    0.00000    0.00000    0.00000    0.00000    0.00000    0.00000    0.00000    0.00000    0.00000    0.00000    0.00000    0.00000    0.00000    0.00000    0.00000    0.00000    0.00000    0.00000    0.00000    0.00000    0.00000    0.00000    0.00000    0.00000    0.00000    0.00000    0.01500    0.02500    1.00000    1.00000    1.00000    1.00000    1.00000    1.00000    1.00000 
DE21     0.00000    0.00000    0.00000    0.00000    0.00000    0.00000    0.00000    0.00000    0.00000    0.00000    0.00000    0.00000    0.00000    0.00000    0.00000    0.00000    0.00000    0.00000    0.00000    0.00000    0.00000    0.00000    0.00000    0.00000    0.00000    0.00000    0.00000    0.00000    0.00000    0.00000    0.00000    0.00000    0.00000    0.00000    0.00000    0.01500    0.02500    1.00000    1.00000    1.00000    1.00000    1.00000    1.00000    1.00000 
DE22     0.00000    0.00000    0.00000    0.00000    0.00000    0.00000    0.00000    0.00000    0.00000    0.00000    0.00000    0.00000    0.00000    0.00000    0.00000    0.00000    0.00000    0.00000    0.00000    0.00000    0.00000    0.00000    0.00000    0.00000    0.00000    0.00000    0.00000    0.00000    0.00000    0.00000    0.00000    0.00000    0.00000    0.00000    0.00000    0.01500    0.02500    1.00000    1.00000    1.00000    1.00000    1.00000    1.00000    1.00000 
DE23     0.00000    0.00000    0.00000    0.00000    0.00000    0.00000    0.00000    0.00000    0.00000    0.00000    0.00000    0.00000    0.00000    0.00000    0.00000    0.00000    0.00000    0.00000    0.00000    0.00000    0.00000    0.00000    0.00000    0.00000    0.00000    0.00000    0.00000    0.00000    0.00000    0.00000    0.00000    0.00000    0.00000    0.00000    0.00000    0.01500    0.02500    1.00000    1.00000    1.00000    1.00000    1.00000    1.00000    1.00000 
DE24     0.00000    0.00000    0.00000    0.00000    0.00000    0.00000    0.00000    0.00000    0.00000    0.00000    0.00000    0.00000    0.00000    0.00000    0.00000    0.00000    0.00000    0.00000    0.00000    0.00000    0.00000    0.00000    0.00000    0.00000    0.00000    0.00000    0.00000    0.00000    0.00000    0.00000    0.00000    0.00000    0.00000    0.00000    0.00000    0.01500    0.02500    1.00000    1.00000    1.00000    1.00000    1.00000    1.00000    1.00000 
DE25     0.00000    0.00000    0.00000    0.00000    0.00000    0.00000    0.00000    0.00000    0.00000    0.00000    0.00000    0.00000    0.00000    0.00000    0.00000    0.00000    0.00000    0.00000    0.00000    0.00000    0.00000    0.00000    0.00000    0.00000    0.00000    0.00000    0.00000    0.00000    0.00000    0.00000    0.00000    0.00000    0.00000    0.00000    0.00000    0.01500    0.02500    1.00000    1.00000    1.00000    1.00000    1.00000    1.00000    1.00000 
DE26     0.00000    0.00000    0.00000    0.00000    0.00000    0.00000    0.00000    0.00000    0.00000    0.00000    0.00000    0.00000    0.00000    0.00000    0.00000    0.00000    0.00000    0.00000    0.00000    0.00000    0.00000    0.00000    0.00000    0.00000    0.00000    0.00000    0.00000    0.00000    0.00000    0.00000    0.00000    0.00000    0.00000    0.00000    0.00000    0.01500    0.02500    1.00000    1.00000    1.00000    1.00000    1.00000    1.00000    1.00000 
DE27     0.00000    0.00000    0.00000    0.00000    0.00000    0.00000    0.00000    0.00000    0.00000    0.00000    0.00000    0.00000    0.00000    0.00000    0.00000    0.00000    0.00000    0.00000    0.00000    0.00000    0.00000    0.00000    0.00000    0.00000    0.00000    0.00000    0.00000    0.00000    0.00000    0.00000    0.00000    0.00000    0.00000    0.00000    0.00000    0.01500    0.02500    1.00000    1.00000    1.00000    1.00000    1.00000    1.00000    1.00000 
DE28     0.00000    0.00000    0.00000    0.00000    0.00000    0.00000    0.00000    0.00000    0.00000    0.00000    0.00000    0.00000    0.00000    0.00000    0.00000    0.00000    0.00000    0.00000    0.00000    0.00000    0.00000    0.00000    0.00000    0.00000    0.00000    0.00000    0.00000    0.00000    0.00000    0.00000    0.00000    0.00000    0.00000    0.00000    0.00000    0.01500    0.02500    1.00000    1.00000    1.00000    1.00000    1.00000    1.00000    1.00000 
DE29     0.00000    0.00000    0.00000    0.00000    0.00000    0.00000    0.00000    0.00000    0.00000    0.00000    0.00000    0.00000    0.00000    0.00000    0.00000    0.00000    0.00000    0.00000    0.00000    0.00000    0.00000    0.00000    0.00000    0.00000    0.00000    0.00000    0.00000    0.00000    0.00000    0.00000    0.00000    0.00000    0.00000    0.00000    0.00000    0.01500    0.02500    1.00000    1.00000    1.00000    1.00000    1.00000    1.00000    1.00000 
DE30     0.00000    0.00000    0.00000    0.00000    0.00000    0.00000    0.00000    0.00000    0.00000    0.00000    0.00000    0.00000    0.00000    0.00000    0.00000    0.00000    0.00000    0.00000    0.00000    0.00000    0.00000    0.00000    0.00000    0.00000    0.00000    0.00000    0.00000    0.00000    0.00000    0.00000    0.00000    0.00000    0.00000    0.00000    0.00000    0.01500    0.02500    1.00000    1.00000    1.00000    1.00000    1.00000    1.00000    1.00000 
;
