set NU :=  NU01 NU02 NU03 NU04 NU05 NU06 NU07 NU08 NU09 NU10 NU11;
set RM :=  RM01 RM02 RM03 RM04 RM05 RM06 RM07 RM08 RM09 RM10 RM11 RM12 RM13 RM14 RM15 RM16 RM17 RM18 RM19 RM20 RM21 RM22 RM23 RM24 RM25 RM26 RM27 RM28 RM29 RM30 RM31 RM32 RM33;
set MI :=  MI01 MI02 MI03 MI04 MI05 MI06 MI07;
set DE :=  DE01 DE02 DE03 DE04 DE05 DE06 DE07 DE08 DE09 DE10 DE11 DE12 DE13 DE14 DE15 DE16 DE17 DE18 DE19 DE20 DE21 DE22 DE23 DE24 DE25 DE26 DE27;

param nuinrm(tr): RM01 RM02 RM03 RM04 RM05 RM06 RM07 RM08 RM09 RM10 RM11 RM12 RM13 RM14 RM15 RM16 RM17 RM18 RM19 RM20 RM21 RM22 RM23 RM24 RM25 RM26 RM27 RM28 RM29 RM30 RM31 RM32 RM33 :=
NU01       7.753     7.753    14.305    29.500     7.517     7.500    20.977    26.645     3.300    10.255    16.000    15.845    41.930    46.852    78.777    18.258     0.200     0.000     0.000     0.000   284.940     0.000     0.000     0.000     7.500     7.500     7.500     7.900     0.000     0.000     0.000     0.000     7.500
NU02       2.829     3.100     3.276     5.500     1.816     3.000     2.200     8.481     0.500     1.431     4.000     2.907     3.023     1.144    10.176    38.930     0.500     0.000     0.000     0.000     0.000    96.000    96.000    96.000     0.100     0.100     0.100     2.300     0.000     0.000     0.000    96.000     0.100
NU03       2.000     2.000    10.000    12.000     3.100     0.700     7.000     9.480    43.000    36.512     5.400     8.894    12.500     3.783     1.500     1.750     0.730     0.000     0.000     0.000     0.000     0.000     0.000     0.000     0.000     0.000     0.000     3.300     0.000     0.000     0.000     0.000     0.000
NU04       0.040     0.040     1.710     0.350     0.010     0.030     0.160     0.090     0.100     0.500     0.070     0.120     0.170     0.400     0.500     0.140     5.300    38.996    21.398     0.000     0.000     0.000     0.000     0.000     0.700     0.700     0.700     0.030    38.996     1.000     0.000     0.000     0.700
NU05       0.260     0.260     0.600     0.460     0.220     0.160     0.810     0.850     0.050     0.096     0.670     1.000     1.100     0.650     0.300     0.300     0.010     0.040    18.598     0.000     0.000     0.000     0.000     0.000     0.080     0.080     0.080     0.279     0.000     0.000     0.000     0.000     0.080
NU06       0.000     0.000     0.000     0.000     0.000     0.000     0.000     0.000     0.000     0.000     0.000     0.000     0.000     0.000     0.000     0.000     0.000     0.000     0.000     0.000     0.000     0.000     0.000     0.000     0.000     0.000     0.000     0.000     0.000     0.000   100.000     0.000     0.000
NU07       0.000     0.000     1.750     0.000     0.000     0.000     0.000     0.000     0.000     0.000     0.000     0.000     0.000     0.000     0.000     0.000     0.000     0.000     0.000     0.000   284.940     0.000     0.000     0.000     0.000     0.000     0.000     0.000     0.000     0.000     0.000     0.000     0.000
NU08     139.390   139.390   107.630   116.690   134.180   151.380   113.150   122.460    25.738   107.510   124.200   111.500   124.590   148.600   143.110   251.320    39.387     0.000     0.000     0.000     0.000   403.500   403.500   403.500   100.030   100.030   100.030   128.000     0.000     0.000     0.000   403.500   100.030
NU09     100.000   100.000     0.000     0.000    94.000   100.000     0.000     0.000     0.000     0.000     0.000     0.000     0.000     0.000     0.000     0.000     0.000     0.000     0.000     0.000     0.000     0.000     0.000     0.000     0.000     0.000     0.000     0.000     0.000     0.000     0.000     0.000     0.000
NU10       0.000     0.000     0.000     0.000     0.000     0.000     0.000     0.000     0.000     0.000     0.000     0.000     0.000     0.000     0.000     0.000     0.000     0.000     0.000   100.000     0.000     0.000     0.000     0.000     0.000     0.000     0.000     0.000     0.000     0.000     0.000     0.000     0.000
NU11      68.398    68.398    93.191    81.000    57.699    82.500    43.098    69.797    57.598    82.949   101.800    94.898    90.789    84.719    54.500     0.000   370.190    90.699   127.400   157.700   308.880  -465.900    46.457    85.000   187.100    85.000   187.100     0.000     0.000     0.000   129.360    85.000    85.000
;

param specs_ub: NU01 NU02 NU03 NU04 NU05 NU06 NU07 NU08 NU09 NU10 NU11 :=
DE01    26.177     5.500     7.000     1.400     0.725   100.000     3.000   123.797   100.000     1.000   110.000  
DE02    26.400     5.500    15.500     1.300     0.725   100.000     3.000   118.199   100.000     1.000   110.000  
DE03    24.969     5.500    25.500     1.300     0.562   100.000     3.000   115.699   100.000     1.000   110.000  
DE04    22.107     5.500    25.500     1.200     0.562   100.000     0.000   113.297   100.000     1.000   110.000  
DE05    21.777     5.500    25.500     1.200     0.562   100.000     3.000   115.699   100.000     1.000   110.000  
DE06    21.777     5.500    25.500     1.200     0.562   100.000     0.000   122.000   100.000     1.000   110.000  
DE07    19.577     5.500    25.500     1.100     0.562   100.000     3.000   115.699   100.000     1.000   110.000  
DE08    19.469     5.500    25.500     1.400     0.687   100.000     0.000   115.699   100.000     1.000   110.000  
DE09    23.977     5.500    25.500     1.300     0.562   100.000     0.000   115.699   100.000     1.000   110.000  
DE10    23.869     5.500    25.500     1.300     0.562   100.000     0.000   115.699   100.000     1.000   110.000  
DE11    23.869     5.500    25.500     1.300     0.562   100.000     0.000   115.699   100.000     1.000   110.000  
DE12    21.777     5.500     9.500     1.200     0.562   100.000     0.000   116.598   100.000     1.000   110.000  
DE13    21.669     5.500    25.500     1.350     0.712   100.000     0.000   116.598   100.000     1.000   110.000  
DE14    21.777     5.500     8.000     1.200     0.687   100.000     0.000   119.098   100.000     1.000   110.000  
DE15    21.777     5.500     8.000     1.200     0.687   100.000     0.000   117.000   100.000     1.000   110.000  
DE16    21.777     5.200    25.500     1.200     0.725   100.000     3.000   125.598   100.000     1.000   110.000  
DE17    21.777     5.500     7.000     1.200     0.725   100.000     3.000   123.797   100.000     1.000   110.000  
DE18    21.777     5.500     7.000     1.200     0.725   100.000     0.000   125.598   100.000     1.000   110.000  
DE19    19.469     5.500    25.500     1.100     0.725   100.000     0.000   125.598   100.000     1.000   110.000  
DE20    21.669     5.500    25.500     1.200     0.725   100.000     0.000   125.598   100.000     1.000   110.000  
DE21    23.869     5.500    25.500     1.300     0.687   100.000     0.000   125.598   100.000     1.000   110.000  
DE22    23.869     5.200    25.500     1.300     0.725   100.000     0.000   123.199   100.000     1.000   110.000  
DE23    26.069     5.500    15.500     1.400     0.725   100.000     0.000   125.598   100.000     1.000   110.000  
DE24    23.869     5.500    18.000     1.500     0.750   100.000     2.850   130.598   100.000     1.000   110.000  
DE25    25.957     5.500    18.000     1.600     0.750   100.000     2.850   130.598   100.000     1.000   110.000  
DE26    21.557     5.500    15.500     1.500     0.687   100.000     0.000   117.297   100.000     1.000   110.000  
DE27    23.757     5.500    15.500     1.500     0.687   100.000     0.000   118.098   100.000     1.000   110.000  
;

param specs_lb: NU01 NU02 NU03 NU04 NU05 NU06 NU07 NU08 NU09 NU10 NU11 :=
DE01    23.797     2.800     0.000     1.300     0.580     1.500     0.000   121.199     0.000     1.000    85.000  
DE02    24.000     3.250    10.000     1.300     0.580     0.000     0.000   116.199     3.000     1.000    85.000  
DE03    22.699     2.800    12.500     1.100     0.450     0.000     0.000   113.699     0.000     1.000    85.000  
DE04    20.098     2.800    12.500     1.000     0.450     1.375     0.000   111.297     0.000     1.000    85.000  
DE05    19.797     2.800    12.500     1.000     0.450     0.000     0.000   113.699     0.000     1.000    85.000  
DE06    19.797     2.800    12.500     1.000     0.450     0.000     0.000   120.000     0.000     1.000    85.000  
DE07    17.797     2.800    12.500     1.000     0.450     0.000     0.000   113.699     0.000     1.000    85.000  
DE08    17.699     2.800    12.500     1.300     0.550     0.000     0.000   113.699     0.000     1.000    85.000  
DE09    21.797     2.800    12.500     1.100     0.450     0.000     0.000   113.699     0.000     1.000    85.000  
DE10    21.699     2.800    12.500     1.100     0.450     1.375     0.000   113.699     0.000     1.000    85.000  
DE11    21.699     2.800    12.500     1.100     0.450     0.750     0.000   113.699     0.000     1.000    85.000  
DE12    19.797     1.800     0.000     1.000     0.450     0.000     0.000   115.000     7.500     1.000    85.000  
DE13    19.699     1.300     0.000     1.260     0.570     0.000     0.000   115.000    10.500     1.000    85.000  
DE14    19.797     2.300     0.000     1.100     0.550     0.000     0.000   117.398     0.000     1.000    85.000  
DE15    19.797     2.300     0.000     1.100     0.550     1.375     0.000   115.000     0.000     1.000    85.000  
DE16    19.797     1.800    10.000     1.100     0.580     0.000     0.000   123.598     4.000     1.000    85.000  
DE17    19.797     2.300     0.000     1.100     0.580     1.500     0.000   121.199    15.500     1.000    85.000  
DE18    19.797     2.300     0.000     1.100     0.580     0.000     0.000   123.598     0.000     1.000    85.000  
DE19    17.699     1.800    11.000     1.000     0.580     0.000     0.000   123.598     0.000     1.000    85.000  
DE20    19.699     3.800     9.000     1.100     0.580     0.000     0.000   123.598     7.500     1.000    85.000  
DE21    21.699     1.800    10.000     1.200     0.550     0.000     0.000   123.598     7.250     1.000    85.000  
DE22    21.699     1.800    11.000     1.200     0.580     1.500     0.000   121.199     0.000     1.000    85.000  
DE23    23.699     3.800     9.500     1.300     0.580     0.000     0.000   123.598     8.500     1.000    85.000  
DE24    21.699     5.000    12.000     1.400     0.600     1.500     0.000   128.598     0.000     1.000    85.000  
DE25    23.598     5.000    12.000     1.500     0.600     1.500     0.000   128.598     0.000     1.000    85.000  
DE26    19.598     2.800     5.500     1.400     0.550     0.000     0.000   115.297     0.000     1.000    85.000  
DE27    21.598     2.800     5.500     1.300     0.550     0.000     0.000   116.098     0.000     1.000    85.000  
;

param: tons :=
DE01    42.000
DE02    11.000
DE03    42.000
DE04    32.000
DE05   338.000
DE06     7.000
DE07    13.000
DE08    49.000
DE09    68.000
DE10     1.000
DE11     1.000
DE12    33.000
DE13     1.000
DE14     8.000
DE15    23.000
DE16    19.000
DE17     1.000
DE18   163.000
DE19    65.000
DE20   436.000
DE21    73.000
DE22    39.000
DE23    38.000
DE24    21.000
DE25     9.000
DE26     4.000
DE27     1.000
;

param: RMcost :=
RM01    91.320
RM02    91.320
RM03    71.000
RM04    90.000
RM05    80.040
RM06   100.000
RM07    87.000
RM08   121.000
RM09    55.000
RM10    65.000
RM11    88.000
RM12    50.000
RM13   135.500
RM14   164.000
RM15   192.000
RM16   300.490
RM17   600.000
RM18    24.000
RM19   260.000
RM20    60.000
RM21   195.000
RM22   293.500
RM23   293.500
RM24   293.500
RM25    88.250
RM26    88.250
RM27    88.250
RM28  1352.400
RM29   169.000
RM30   709.000
RM31   241.000
RM32   293.500
RM33    88.250
;

param mu_lb: RM01 RM02 RM03 RM04 RM05 RM06 RM07 RM08 RM09 RM10 RM11 RM12 RM13 RM14 RM15 RM16 RM17 RM18 RM19 RM20 RM21 RM22 RM23 RM24 RM25 RM26 RM27 RM28 RM29 RM30 RM31 RM32 RM33 MI01 MI02 MI03 MI04 MI05 MI06 MI07 :=
MI01     0.000    0.000    0.000    0.000    0.000    0.000    0.000    0.000    0.000    0.000    0.000    0.000    0.000    0.000    0.000    0.000    0.000    0.000    0.000    0.000    0.000    0.000    0.000    0.000    0.000    0.000    0.000    0.000    0.000    0.000    0.000    0.000    0.000    0.000    0.000    0.000    0.000    0.000    0.000    0.000 
MI02     0.000    0.000    0.000    0.000    0.000    0.000    0.000    0.000    0.000    0.000    0.000    0.000    0.000    0.000    0.000    0.000    0.000    0.000    0.000    0.000    0.000    0.000    0.000    0.000    0.000    0.000    0.000    0.000    0.000    0.000    0.000    0.000    0.000    0.000    0.000    0.000    0.000    0.000    0.000    0.000 
MI03     0.000    0.000    0.000    0.000    0.000    0.000    0.000    0.000    0.000    0.000    0.000    0.000    0.000    0.000    0.000    0.000    0.000    0.000    0.000    0.000    0.000    0.000    0.000    0.000    0.000    0.000    0.000    0.000    0.000    0.000    0.000    0.000    0.000    0.000    0.000    0.000    0.000    0.000    0.000    0.000 
MI04     0.000    0.000    0.000    0.000    0.000    0.000    0.000    0.000    0.000    0.000    0.000    0.000    0.000    0.000    0.000    0.000    0.000    0.000    0.000    0.000    0.000    0.000    0.000    0.000    0.000    0.000    0.000    0.000    0.000    0.000    0.000    0.000    0.000    0.000    0.000    0.000    0.000    0.000    0.000    0.000 
MI05     0.000    0.000    0.000    0.000    0.000    0.000    0.000    0.000    0.000    0.000    0.000    0.000    0.000    0.000    0.000    0.000    0.000    0.000    0.000    0.000    0.000    0.000    0.000    0.000    0.000    0.000    0.000    0.000    0.000    0.000    0.000    0.000    0.000    0.000    0.000    0.000    0.000    0.000    0.000    0.000 
MI06     0.000    0.000    0.000    0.000    0.000    0.000    0.000    0.000    0.000    0.000    0.000    0.000    0.000    0.000    0.000    0.000    0.000    0.000    0.000    0.000    0.000    0.000    0.000    0.000    0.000    0.000    0.000    0.000    0.000    0.000    0.000    0.000    0.000    0.000    0.000    0.000    0.000    0.000    0.000    0.000 
MI07     0.000    0.000    0.000    0.000    0.000    0.000    0.000    0.000    0.000    0.000    0.000    0.000    0.000    0.000    0.000    0.000    0.000    0.000    0.000    0.000    0.000    0.000    0.000    0.000    0.000    0.000    0.000    0.000    0.000    0.000    0.000    0.000    0.000    0.000    0.000    0.000    0.000    0.000    0.000    0.000 
;

param mu_ub: RM01 RM02 RM03 RM04 RM05 RM06 RM07 RM08 RM09 RM10 RM11 RM12 RM13 RM14 RM15 RM16 RM17 RM18 RM19 RM20 RM21 RM22 RM23 RM24 RM25 RM26 RM27 RM28 RM29 RM30 RM31 RM32 RM33 MI01 MI02 MI03 MI04 MI05 MI06 MI07 :=
MI01     1.000    1.000    0.050    0.100    1.000    1.000    0.100    0.200    0.050    1.000    0.200    1.000    0.150    1.000    0.040    0.000    0.010    0.100    0.050    0.013    0.030    0.020    0.025    0.000    0.000    0.000    0.050    0.000    0.000    0.000    0.090    0.000    0.000    0.000    0.000    0.000    0.000    0.000    0.000    0.000 
MI02     1.000    1.000    0.050    0.100    1.000    1.000    0.100    0.200    0.050    1.000    0.200    1.000    0.150    1.000    0.040    0.000    0.010    0.100    0.050    0.013    0.030    0.020    0.025    0.000    0.000    0.000    0.050    0.000    0.000    0.000    0.090    0.000    0.000    0.000    0.000    0.000    0.000    0.000    0.000    0.000 
MI03     1.000    1.000    0.050    0.100    1.000    1.000    0.100    0.200    0.050    1.000    0.200    1.000    0.150    1.000    0.040    0.000    0.010    0.100    0.050    0.013    0.030    0.020    0.025    0.000    0.000    0.000    0.050    0.000    0.000    0.000    0.090    0.000    0.000    0.000    0.000    0.000    0.000    0.000    0.000    0.000 
MI04     1.000    1.000    0.050    0.100    1.000    1.000    0.100    0.200    0.050    1.000    0.200    1.000    0.150    1.000    0.040    0.000    0.010    0.100    0.050    0.013    0.030    0.020    0.025    0.000    0.000    0.000    0.050    0.000    0.000    0.000    0.090    0.000    0.000    0.000    0.000    0.000    0.000    0.000    0.000    0.000 
MI05     1.000    1.000    0.050    0.100    1.000    1.000    0.100    0.200    0.050    1.000    0.200    1.000    0.150    1.000    0.040    0.000    0.010    0.100    0.050    0.013    0.030    0.020    0.025    0.000    0.000    0.000    0.050    0.000    0.000    0.000    0.090    0.000    0.000    0.000    0.000    0.000    0.000    0.000    0.000    0.000 
MI06     1.000    1.000    0.050    0.100    1.000    1.000    0.100    0.200    0.050    1.000    0.200    1.000    0.150    1.000    0.040    0.000    0.010    0.100    0.050    0.013    0.030    0.020    0.025    0.000    0.000    0.000    0.050    0.000    0.000    0.000    0.090    0.000    0.000    0.000    0.000    0.000    0.000    0.000    0.000    0.000 
MI07     1.000    1.000    0.050    0.100    1.000    1.000    0.100    0.200    0.050    1.000    0.200    1.000    0.150    1.000    0.040    0.000    0.010    0.100    0.050    0.013    0.030    0.020    0.025    0.000    0.000    0.000    0.050    0.000    0.000    0.000    0.090    0.000    0.000    0.000    0.000    0.000    0.000    0.000    0.000    0.000 
;

param lam_lb: RM01 RM02 RM03 RM04 RM05 RM06 RM07 RM08 RM09 RM10 RM11 RM12 RM13 RM14 RM15 RM16 RM17 RM18 RM19 RM20 RM21 RM22 RM23 RM24 RM25 RM26 RM27 RM28 RM29 RM30 RM31 RM32 RM33 MI01 MI02 MI03 MI04 MI05 MI06 MI07 :=
DE01     0.000    0.000    0.000    0.000    0.000    0.000    0.000    0.000    0.000    0.000    0.000    0.000    0.000    0.000    0.000    0.000    0.000    0.000    0.000    0.000    0.000    0.000    0.000    0.000    0.000    0.000    0.000    0.000    0.000    0.000    0.000    0.005    0.010    0.000    0.000    0.000    0.000    0.000    0.000    0.000 
DE02     0.000    0.000    0.000    0.000    0.000    0.000    0.000    0.000    0.000    0.000    0.000    0.000    0.000    0.000    0.000    0.000    0.000    0.000    0.000    0.000    0.000    0.000    0.000    0.000    0.000    0.000    0.000    0.000    0.000    0.000    0.000    0.005    0.010    0.000    0.000    0.000    0.000    0.000    0.000    0.000 
DE03     0.000    0.000    0.000    0.000    0.000    0.000    0.000    0.000    0.000    0.000    0.000    0.000    0.000    0.000    0.000    0.000    0.000    0.000    0.000    0.000    0.000    0.000    0.000    0.000    0.000    0.000    0.000    0.000    0.000    0.000    0.000    0.005    0.010    0.000    0.000    0.000    0.000    0.000    0.000    0.000 
DE04     0.000    0.000    0.000    0.000    0.000    0.000    0.000    0.000    0.000    0.000    0.000    0.000    0.000    0.000    0.000    0.000    0.000    0.000    0.000    0.000    0.000    0.000    0.000    0.000    0.000    0.000    0.000    0.000    0.000    0.000    0.000    0.005    0.010    0.000    0.000    0.000    0.000    0.000    0.000    0.000 
DE05     0.000    0.000    0.000    0.000    0.000    0.000    0.000    0.000    0.000    0.000    0.000    0.000    0.000    0.000    0.000    0.000    0.000    0.000    0.000    0.000    0.000    0.000    0.000    0.000    0.000    0.000    0.000    0.000    0.000    0.000    0.000    0.005    0.010    0.000    0.000    0.000    0.000    0.000    0.000    0.000 
DE06     0.000    0.000    0.000    0.000    0.000    0.000    0.000    0.000    0.000    0.000    0.000    0.000    0.000    0.000    0.000    0.000    0.000    0.000    0.000    0.000    0.000    0.000    0.000    0.000    0.000    0.000    0.000    0.000    0.000    0.000    0.000    0.005    0.010    0.000    0.000    0.000    0.000    0.000    0.000    0.000 
DE07     0.000    0.000    0.000    0.000    0.000    0.000    0.000    0.000    0.000    0.000    0.000    0.000    0.000    0.000    0.000    0.000    0.000    0.000    0.000    0.000    0.000    0.000    0.000    0.000    0.000    0.000    0.000    0.000    0.000    0.000    0.000    0.005    0.010    0.000    0.000    0.000    0.000    0.000    0.000    0.000 
DE08     0.000    0.000    0.000    0.000    0.000    0.000    0.000    0.000    0.000    0.000    0.000    0.000    0.000    0.000    0.000    0.000    0.000    0.000    0.000    0.000    0.000    0.000    0.000    0.000    0.000    0.000    0.000    0.000    0.000    0.000    0.000    0.005    0.010    0.000    0.000    0.000    0.000    0.000    0.000    0.000 
DE09     0.000    0.000    0.000    0.000    0.000    0.000    0.000    0.000    0.000    0.000    0.000    0.000    0.000    0.000    0.000    0.000    0.000    0.000    0.000    0.000    0.000    0.000    0.000    0.000    0.000    0.000    0.000    0.000    0.000    0.000    0.000    0.005    0.010    0.000    0.000    0.000    0.000    0.000    0.000    0.000 
DE10     0.000    0.000    0.000    0.000    0.000    0.000    0.000    0.000    0.000    0.000    0.000    0.000    0.000    0.000    0.000    0.000    0.000    0.000    0.000    0.000    0.000    0.000    0.000    0.000    0.000    0.000    0.000    0.000    0.000    0.000    0.000    0.005    0.010    0.000    0.000    0.000    0.000    0.000    0.000    0.000 
DE11     0.000    0.000    0.000    0.000    0.000    0.000    0.000    0.000    0.000    0.000    0.000    0.000    0.000    0.000    0.000    0.000    0.000    0.000    0.000    0.000    0.000    0.000    0.000    0.000    0.000    0.000    0.000    0.000    0.000    0.000    0.000    0.005    0.010    0.000    0.000    0.000    0.000    0.000    0.000    0.000 
DE12     0.000    0.000    0.000    0.000    0.000    0.000    0.000    0.000    0.000    0.000    0.000    0.000    0.000    0.000    0.000    0.000    0.000    0.000    0.000    0.000    0.000    0.000    0.000    0.000    0.000    0.000    0.000    0.000    0.000    0.000    0.000    0.005    0.010    0.000    0.000    0.000    0.000    0.000    0.000    0.000 
DE13     0.000    0.000    0.000    0.000    0.000    0.000    0.000    0.000    0.000    0.000    0.000    0.000    0.000    0.000    0.000    0.000    0.000    0.000    0.000    0.000    0.000    0.000    0.000    0.000    0.000    0.000    0.000    0.000    0.000    0.000    0.000    0.005    0.010    0.000    0.000    0.000    0.000    0.000    0.000    0.000 
DE14     0.000    0.000    0.000    0.000    0.000    0.000    0.000    0.000    0.000    0.000    0.000    0.000    0.000    0.000    0.000    0.000    0.000    0.000    0.000    0.000    0.000    0.000    0.000    0.000    0.000    0.000    0.000    0.000    0.000    0.000    0.000    0.005    0.010    0.000    0.000    0.000    0.000    0.000    0.000    0.000 
DE15     0.000    0.000    0.000    0.000    0.000    0.000    0.000    0.000    0.000    0.000    0.000    0.000    0.000    0.000    0.000    0.000    0.000    0.000    0.000    0.000    0.000    0.000    0.000    0.000    0.000    0.000    0.000    0.000    0.000    0.000    0.000    0.005    0.010    0.000    0.000    0.000    0.000    0.000    0.000    0.000 
DE16     0.000    0.000    0.000    0.000    0.000    0.000    0.000    0.000    0.000    0.000    0.000    0.000    0.000    0.000    0.000    0.000    0.000    0.000    0.000    0.000    0.000    0.000    0.000    0.000    0.000    0.000    0.000    0.000    0.000    0.000    0.000    0.005    0.010    0.000    0.000    0.000    0.000    0.000    0.000    0.000 
DE17     0.000    0.000    0.000    0.000    0.000    0.000    0.000    0.000    0.000    0.000    0.000    0.000    0.000    0.000    0.000    0.000    0.000    0.000    0.000    0.000    0.000    0.000    0.000    0.000    0.000    0.000    0.000    0.000    0.000    0.000    0.000    0.005    0.010    0.000    0.000    0.000    0.000    0.000    0.000    0.000 
DE18     0.000    0.000    0.000    0.000    0.000    0.000    0.000    0.000    0.000    0.000    0.000    0.000    0.000    0.000    0.000    0.000    0.000    0.000    0.000    0.000    0.000    0.000    0.000    0.000    0.000    0.000    0.000    0.000    0.000    0.000    0.000    0.005    0.010    0.000    0.000    0.000    0.000    0.000    0.000    0.000 
DE19     0.000    0.000    0.000    0.000    0.000    0.000    0.000    0.000    0.000    0.000    0.000    0.000    0.000    0.000    0.000    0.000    0.000    0.000    0.000    0.000    0.000    0.000    0.000    0.000    0.000    0.000    0.000    0.000    0.000    0.000    0.000    0.005    0.010    0.000    0.000    0.000    0.000    0.000    0.000    0.000 
DE20     0.000    0.000    0.000    0.000    0.000    0.000    0.000    0.000    0.000    0.000    0.000    0.000    0.000    0.000    0.000    0.000    0.000    0.000    0.000    0.000    0.000    0.000    0.000    0.000    0.000    0.000    0.000    0.000    0.000    0.000    0.000    0.005    0.010    0.000    0.000    0.000    0.000    0.000    0.000    0.000 
DE21     0.000    0.000    0.000    0.000    0.000    0.000    0.000    0.000    0.000    0.000    0.000    0.000    0.000    0.000    0.000    0.000    0.000    0.000    0.000    0.000    0.000    0.000    0.000    0.000    0.000    0.000    0.000    0.000    0.000    0.000    0.000    0.005    0.010    0.000    0.000    0.000    0.000    0.000    0.000    0.000 
DE22     0.000    0.000    0.000    0.000    0.000    0.000    0.000    0.000    0.000    0.000    0.000    0.000    0.000    0.000    0.000    0.000    0.000    0.000    0.000    0.000    0.000    0.000    0.000    0.000    0.000    0.000    0.000    0.000    0.000    0.000    0.000    0.005    0.010    0.000    0.000    0.000    0.000    0.000    0.000    0.000 
DE23     0.000    0.000    0.000    0.000    0.000    0.000    0.000    0.000    0.000    0.000    0.000    0.000    0.000    0.000    0.000    0.000    0.000    0.000    0.000    0.000    0.000    0.000    0.000    0.000    0.000    0.000    0.000    0.000    0.000    0.000    0.000    0.005    0.010    0.000    0.000    0.000    0.000    0.000    0.000    0.000 
DE24     0.000    0.000    0.000    0.000    0.000    0.000    0.000    0.000    0.000    0.000    0.000    0.000    0.000    0.000    0.000    0.000    0.000    0.000    0.000    0.000    0.000    0.000    0.000    0.000    0.000    0.000    0.000    0.000    0.000    0.000    0.000    0.005    0.010    0.000    0.000    0.000    0.000    0.000    0.000    0.000 
DE25     0.000    0.000    0.000    0.000    0.000    0.000    0.000    0.000    0.000    0.000    0.000    0.000    0.000    0.000    0.000    0.000    0.000    0.000    0.000    0.000    0.000    0.000    0.000    0.000    0.000    0.000    0.000    0.000    0.000    0.000    0.000    0.005    0.010    0.000    0.000    0.000    0.000    0.000    0.000    0.000 
DE26     0.000    0.000    0.000    0.000    0.000    0.000    0.000    0.000    0.000    0.000    0.000    0.000    0.000    0.000    0.000    0.000    0.000    0.000    0.000    0.000    0.000    0.000    0.000    0.000    0.000    0.000    0.000    0.000    0.000    0.000    0.000    0.005    0.010    0.000    0.000    0.000    0.000    0.000    0.000    0.000 
DE27     0.000    0.000    0.000    0.000    0.000    0.000    0.000    0.000    0.000    0.000    0.000    0.000    0.000    0.000    0.000    0.000    0.000    0.000    0.000    0.000    0.000    0.000    0.000    0.000    0.000    0.000    0.000    0.000    0.000    0.000    0.000    0.005    0.010    0.000    0.000    0.000    0.000    0.000    0.000    0.000 
;

param lam_ub: RM01 RM02 RM03 RM04 RM05 RM06 RM07 RM08 RM09 RM10 RM11 RM12 RM13 RM14 RM15 RM16 RM17 RM18 RM19 RM20 RM21 RM22 RM23 RM24 RM25 RM26 RM27 RM28 RM29 RM30 RM31 RM32 RM33 MI01 MI02 MI03 MI04 MI05 MI06 MI07 :=
DE01     0.000    0.000    0.000    0.000    0.000    0.000    0.000    0.000    0.000    0.000    0.000    0.000    0.000    0.000    0.000    0.000    0.000    0.000    0.000    0.000    0.000    0.000    0.000    0.000    0.000    0.000    0.000    0.000    0.000    0.000    0.000    0.010    0.020    1.000    1.000    1.000    1.000    1.000    1.000    1.000 
DE02     0.000    0.000    0.000    0.000    0.000    0.000    0.000    0.000    0.000    0.000    0.000    0.000    0.000    0.000    0.000    0.000    0.000    0.000    0.000    0.000    0.000    0.000    0.000    0.000    0.000    0.000    0.000    0.000    0.000    0.000    0.000    0.010    0.020    1.000    1.000    1.000    1.000    1.000    1.000    1.000 
DE03     0.000    0.000    0.000    0.000    0.000    0.000    0.000    0.000    0.000    0.000    0.000    0.000    0.000    0.000    0.000    0.000    0.000    0.000    0.000    0.000    0.000    0.000    0.000    0.000    0.000    0.000    0.000    0.000    0.000    0.000    0.000    0.010    0.020    1.000    1.000    1.000    1.000    1.000    1.000    1.000 
DE04     0.000    0.000    0.000    0.000    0.000    0.000    0.000    0.000    0.000    0.000    0.000    0.000    0.000    0.000    0.000    0.000    0.000    0.000    0.000    0.000    0.000    0.000    0.000    0.000    0.000    0.000    0.000    0.000    0.000    0.000    0.000    0.010    0.020    1.000    1.000    1.000    1.000    1.000    1.000    1.000 
DE05     0.000    0.000    0.000    0.000    0.000    0.000    0.000    0.000    0.000    0.000    0.000    0.000    0.000    0.000    0.000    0.000    0.000    0.000    0.000    0.000    0.000    0.000    0.000    0.000    0.000    0.000    0.000    0.000    0.000    0.000    0.000    0.010    0.020    1.000    1.000    1.000    1.000    1.000    1.000    1.000 
DE06     0.000    0.000    0.000    0.000    0.000    0.000    0.000    0.000    0.000    0.000    0.000    0.000    0.000    0.000    0.000    0.000    0.000    0.000    0.000    0.000    0.000    0.000    0.000    0.000    0.000    0.000    0.000    0.000    0.000    0.000    0.000    0.010    0.020    1.000    1.000    1.000    1.000    1.000    1.000    1.000 
DE07     0.000    0.000    0.000    0.000    0.000    0.000    0.000    0.000    0.000    0.000    0.000    0.000    0.000    0.000    0.000    0.000    0.000    0.000    0.000    0.000    0.000    0.000    0.000    0.000    0.000    0.000    0.000    0.000    0.000    0.000    0.000    0.010    0.020    1.000    1.000    1.000    1.000    1.000    1.000    1.000 
DE08     0.000    0.000    0.000    0.000    0.000    0.000    0.000    0.000    0.000    0.000    0.000    0.000    0.000    0.000    0.000    0.000    0.000    0.000    0.000    0.000    0.000    0.000    0.000    0.000    0.000    0.000    0.000    0.000    0.000    0.000    0.000    0.010    0.020    1.000    1.000    1.000    1.000    1.000    1.000    1.000 
DE09     0.000    0.000    0.000    0.000    0.000    0.000    0.000    0.000    0.000    0.000    0.000    0.000    0.000    0.000    0.000    0.000    0.000    0.000    0.000    0.000    0.000    0.000    0.000    0.000    0.000    0.000    0.000    0.000    0.000    0.000    0.000    0.010    0.020    1.000    1.000    1.000    1.000    1.000    1.000    1.000 
DE10     0.000    0.000    0.000    0.000    0.000    0.000    0.000    0.000    0.000    0.000    0.000    0.000    0.000    0.000    0.000    0.000    0.000    0.000    0.000    0.000    0.000    0.000    0.000    0.000    0.000    0.000    0.000    0.000    0.000    0.000    0.000    0.010    0.020    1.000    1.000    1.000    1.000    1.000    1.000    1.000 
DE11     0.000    0.000    0.000    0.000    0.000    0.000    0.000    0.000    0.000    0.000    0.000    0.000    0.000    0.000    0.000    0.000    0.000    0.000    0.000    0.000    0.000    0.000    0.000    0.000    0.000    0.000    0.000    0.000    0.000    0.000    0.000    0.010    0.020    1.000    1.000    1.000    1.000    1.000    1.000    1.000 
DE12     0.000    0.000    0.000    0.000    0.000    0.000    0.000    0.000    0.000    0.000    0.000    0.000    0.000    0.000    0.000    0.000    0.000    0.000    0.000    0.000    0.000    0.000    0.000    0.000    0.000    0.000    0.000    0.000    0.000    0.000    0.000    0.010    0.020    1.000    1.000    1.000    1.000    1.000    1.000    1.000 
DE13     0.000    0.000    0.000    0.000    0.000    0.000    0.000    0.000    0.000    0.000    0.000    0.000    0.000    0.000    0.000    0.000    0.000    0.000    0.000    0.000    0.000    0.000    0.000    0.000    0.000    0.000    0.000    0.000    0.000    0.000    0.000    0.010    0.020    1.000    1.000    1.000    1.000    1.000    1.000    1.000 
DE14     0.000    0.000    0.000    0.000    0.000    0.000    0.000    0.000    0.000    0.000    0.000    0.000    0.000    0.000    0.000    0.000    0.000    0.000    0.000    0.000    0.000    0.000    0.000    0.000    0.000    0.000    0.000    0.000    0.000    0.000    0.000    0.010    0.020    1.000    1.000    1.000    1.000    1.000    1.000    1.000 
DE15     0.000    0.000    0.000    0.000    0.000    0.000    0.000    0.000    0.000    0.000    0.000    0.000    0.000    0.000    0.000    0.000    0.000    0.000    0.000    0.000    0.000    0.000    0.000    0.000    0.000    0.000    0.000    0.000    0.000    0.000    0.000    0.010    0.020    1.000    1.000    1.000    1.000    1.000    1.000    1.000 
DE16     0.000    0.000    0.000    0.000    0.000    0.000    0.000    0.000    0.000    0.000    0.000    0.000    0.000    0.000    0.000    0.000    0.000    0.000    0.000    0.000    0.000    0.000    0.000    0.000    0.000    0.000    0.000    0.000    0.000    0.000    0.000    0.010    0.020    1.000    1.000    1.000    1.000    1.000    1.000    1.000 
DE17     0.000    0.000    0.000    0.000    0.000    0.000    0.000    0.000    0.000    0.000    0.000    0.000    0.000    0.000    0.000    0.000    0.000    0.000    0.000    0.000    0.000    0.000    0.000    0.000    0.000    0.000    0.000    0.000    0.000    0.000    0.000    0.010    0.020    1.000    1.000    1.000    1.000    1.000    1.000    1.000 
DE18     0.000    0.000    0.000    0.000    0.000    0.000    0.000    0.000    0.000    0.000    0.000    0.000    0.000    0.000    0.000    0.000    0.000    0.000    0.000    0.000    0.000    0.000    0.000    0.000    0.000    0.000    0.000    0.000    0.000    0.000    0.000    0.010    0.020    1.000    1.000    1.000    1.000    1.000    1.000    1.000 
DE19     0.000    0.000    0.000    0.000    0.000    0.000    0.000    0.000    0.000    0.000    0.000    0.000    0.000    0.000    0.000    0.000    0.000    0.000    0.000    0.000    0.000    0.000    0.000    0.000    0.000    0.000    0.000    0.000    0.000    0.000    0.000    0.010    0.020    1.000    1.000    1.000    1.000    1.000    1.000    1.000 
DE20     0.000    0.000    0.000    0.000    0.000    0.000    0.000    0.000    0.000    0.000    0.000    0.000    0.000    0.000    0.000    0.000    0.000    0.000    0.000    0.000    0.000    0.000    0.000    0.000    0.000    0.000    0.000    0.000    0.000    0.000    0.000    0.010    0.020    1.000    1.000    1.000    1.000    1.000    1.000    1.000 
DE21     0.000    0.000    0.000    0.000    0.000    0.000    0.000    0.000    0.000    0.000    0.000    0.000    0.000    0.000    0.000    0.000    0.000    0.000    0.000    0.000    0.000    0.000    0.000    0.000    0.000    0.000    0.000    0.000    0.000    0.000    0.000    0.010    0.020    1.000    1.000    1.000    1.000    1.000    1.000    1.000 
DE22     0.000    0.000    0.000    0.000    0.000    0.000    0.000    0.000    0.000    0.000    0.000    0.000    0.000    0.000    0.000    0.000    0.000    0.000    0.000    0.000    0.000    0.000    0.000    0.000    0.000    0.000    0.000    0.000    0.000    0.000    0.000    0.010    0.020    1.000    1.000    1.000    1.000    1.000    1.000    1.000 
DE23     0.000    0.000    0.000    0.000    0.000    0.000    0.000    0.000    0.000    0.000    0.000    0.000    0.000    0.000    0.000    0.000    0.000    0.000    0.000    0.000    0.000    0.000    0.000    0.000    0.000    0.000    0.000    0.000    0.000    0.000    0.000    0.010    0.020    1.000    1.000    1.000    1.000    1.000    1.000    1.000 
DE24     0.000    0.000    0.000    0.000    0.000    0.000    0.000    0.000    0.000    0.000    0.000    0.000    0.000    0.000    0.000    0.000    0.000    0.000    0.000    0.000    0.000    0.000    0.000    0.000    0.000    0.000    0.000    0.000    0.000    0.000    0.000    0.010    0.020    1.000    1.000    1.000    1.000    1.000    1.000    1.000 
DE25     0.000    0.000    0.000    0.000    0.000    0.000    0.000    0.000    0.000    0.000    0.000    0.000    0.000    0.000    0.000    0.000    0.000    0.000    0.000    0.000    0.000    0.000    0.000    0.000    0.000    0.000    0.000    0.000    0.000    0.000    0.000    0.010    0.020    1.000    1.000    1.000    1.000    1.000    1.000    1.000 
DE26     0.000    0.000    0.000    0.000    0.000    0.000    0.000    0.000    0.000    0.000    0.000    0.000    0.000    0.000    0.000    0.000    0.000    0.000    0.000    0.000    0.000    0.000    0.000    0.000    0.000    0.000    0.000    0.000    0.000    0.000    0.000    0.010    0.020    1.000    1.000    1.000    1.000    1.000    1.000    1.000 
DE27     0.000    0.000    0.000    0.000    0.000    0.000    0.000    0.000    0.000    0.000    0.000    0.000    0.000    0.000    0.000    0.000    0.000    0.000    0.000    0.000    0.000    0.000    0.000    0.000    0.000    0.000    0.000    0.000    0.000    0.000    0.000    0.010    0.020    1.000    1.000    1.000    1.000    1.000    1.000    1.000 
;

param numi_lb: NU01 NU02 NU03 NU04 NU05 NU06 NU07 NU08 NU09 NU10 NU11 :=
MI01     0.000    0.000    0.000    0.000    0.000    0.000    0.000    0.000    0.000    0.000    0.000 
MI02     0.000    0.000    0.000    0.000    0.000    0.000    0.000    0.000    0.000    0.000    0.000 
MI03     0.000    0.000    0.000    0.000    0.000    0.000    0.000    0.000    0.000    0.000    0.000 
MI04     0.000    0.000    0.000    0.000    0.000    0.000    0.000    0.000    0.000    0.000    0.000 
MI05     0.000    0.000    0.000    0.000    0.000    0.000    0.000    0.000    0.000    0.000    0.000 
MI06     0.000    0.000    0.000    0.000    0.000    0.000    0.000    0.000    0.000    0.000    0.000 
MI07     0.000    0.000    0.000    0.000    0.000    0.000    0.000    0.000    0.000    0.000    0.000 
;

param numi_ub: NU01 NU02 NU03 NU04 NU05 NU06 NU07 NU08 NU09 NU10 NU11 :=
MI01    35.000   10.000   35.000    5.000    5.000    9.000    9.000 10000.000  100.000    1.300   90.100 
MI02    35.000   10.000   35.000    5.000    5.000    9.000    9.000 10000.000  100.000    1.300   90.100 
MI03    35.000   10.000   35.000    5.000    5.000    9.000    9.000 10000.000  100.000    1.300   90.100 
MI04    35.000   10.000   35.000    5.000    5.000    9.000    9.000 10000.000  100.000    1.300   90.100 
MI05    35.000   10.000   35.000    5.000    5.000    9.000    9.000 10000.000  100.000    1.300   90.100 
MI06    35.000   10.000   35.000    5.000    5.000    9.000    9.000 10000.000  100.000    1.300   90.100 
MI07    35.000   10.000   35.000    5.000    5.000    9.000    9.000 10000.000  100.000    1.300   90.100 
;
