set NU :=  NU01 NU02 NU03 NU04 NU05 NU06 NU07 NU08 NU09 NU10 NU11 NU12 NU13 NU14 NU15 NU16 NU17;
set RM :=  RM01 RM02 RM03 RM04 RM05 RM06 RM07 RM08 RM09 RM10 RM11 RM12 RM13 RM14 RM15 RM16 RM17 RM18 RM19 RM20 RM21 RM22 RM23 RM24 RM25 RM26 RM27 RM28 RM29 RM30 RM31 RM32 RM33 RM34;
set MI :=  MI01 MI02 MI03 MI04 MI05 MI06 MI07;
set DE :=  DE01 DE02 DE03 DE04 DE05 DE06 DE07 DE08 DE09 DE10 DE11 DE12 DE13 DE14 DE15 DE16 DE17 DE18;

param nuinrm(tr): RM01 RM02 RM03 RM04 RM05 RM06 RM07 RM08 RM09 RM10 RM11 RM12 RM13 RM14 RM15 RM16 RM17 RM18 RM19 RM20 RM21 RM22 RM23 RM24 RM25 RM26 RM27 RM28 RM29 RM30 RM31 RM32 RM33 RM34 :=
NU01       7.163     7.163    20.000    21.000    16.484     5.200    25.504     8.500    11.587    11.587    15.973    14.759    41.746    17.500    47.824    81.367     0.200     0.000     0.000     0.000   284.938     0.000     0.000     7.500     7.500     7.500     0.000     0.000     0.000     7.163    20.000    11.587     0.000     7.500
NU02       3.100     3.100    15.000    16.000     2.255     1.000     6.918     1.000     1.577     1.577     4.000     3.500     2.997     0.150     1.364     9.694     0.500     0.000     0.000     0.000     0.000    96.000    96.000     0.100     0.100     0.100     0.000     0.000     0.000     3.100    15.000     1.577    96.000     0.100
NU03       2.000     2.000    30.000    28.000     9.000    48.500     7.577    60.000    35.336    35.336     6.475     7.378    12.500    18.000     3.476     1.500     0.730     0.000     0.000     0.000     0.000     0.000     0.000     0.000     0.000     0.000     0.000     0.000     0.000     2.000    30.000    35.336     0.000     0.000
NU04       0.040     0.040     0.140     0.140     1.710     0.300     0.090     0.250     0.500     0.500     0.070     0.120     0.170     0.700     0.400     0.500     5.300    38.000    21.398     0.000     0.000     0.000     0.000     0.700     0.700     0.700     0.000     0.000     0.000     0.040     0.140     0.500     0.000     0.700
NU05       0.260     0.260     0.680     0.680     0.480     0.100     0.850     0.060     0.108     0.108     0.670     1.000     1.100     0.170     0.650     0.300     0.010     0.000    18.598     0.000     0.000     0.000     0.000     0.080     0.080     0.080     0.000     0.000     0.000     0.260     0.680     0.108     0.000     0.080
NU06       0.000     0.000     0.000     0.000     0.000     0.000     0.000     0.000     0.000     0.000     0.000     0.000     0.000     0.000     0.000     0.000     0.000     0.000     0.000     0.000     0.000     0.000     0.000     0.000     0.000     0.000     0.000     0.000   100.000     0.000     0.000     0.000     0.000     0.000
NU07       0.130     0.130     0.240     0.240     0.250     0.040     0.350     0.080     0.180     0.180     0.230     0.250     0.400     0.100     0.430     1.700     6.300     0.000     0.800     0.000     0.000     0.000     0.000     0.400     0.400     0.400     0.000    21.996     0.000     0.130     0.240     0.180     0.000     0.400
NU08       0.000     0.000     0.000     0.000     0.000     0.000     0.000     0.000     0.000     0.000     0.000     0.000     0.000     0.000     0.000     0.000     0.000     0.000     0.000     0.000   284.938     0.000     0.000     0.000     0.000     0.000     0.000     0.000     0.000     0.000     0.000     0.000     0.000     0.000
NU09       0.110     0.110     0.320     0.320     0.400     0.130     0.300     0.090     0.200     0.200     0.290     0.400     0.460     0.230     0.270     0.040     0.000     0.900     0.850     0.000     0.000     0.000     0.000     0.300     0.300     0.300    52.000    11.000    13.000     0.110     0.320     0.200     0.000     0.300
NU10     138.039   138.039   132.918   132.918   106.930    65.051   122.859    29.496   112.145   112.145   129.527   113.621   124.137   130.285   148.445   143.375    39.387     0.000     0.000     0.000     0.000   403.500   403.500   100.031   100.031   100.031     0.000     0.000     0.000   138.039   132.918   112.145   403.500   100.031
NU11       0.000     0.000    16.000    17.000     0.000     0.000     0.000     0.000     0.000     0.000     0.000     0.000     0.000     0.000     0.000     0.000     0.000     0.000     0.000     0.000     0.000    98.000    98.000     0.000     0.000     0.000     0.000     0.000     0.000     0.000    16.000     0.000    98.000     0.000
NU12      90.000    68.398    90.000   102.898    95.699    94.297    69.797    99.199    82.078    90.000   101.797    94.898    90.625    88.297    83.906    54.500   370.188    90.699   127.398   157.699   308.875    46.457    90.000   187.098    90.000   187.098     0.000     0.000   121.274    90.000    90.000    90.000    90.000    90.000
NU13     100.000   100.000     0.000     0.000     0.000     0.000     0.000     0.000     0.000     0.000   100.000     0.000     0.000     0.000     0.000     0.000     0.000     0.000     0.000     0.000     0.000     0.000     0.000     0.000     0.000     0.000     0.000     0.000     0.000   100.000     0.000     0.000     0.000     0.000
NU14       0.000     0.000    25.000    25.000     0.000   100.000     0.000   100.000     0.000     0.000     0.000     0.000     0.000     0.000     0.000     0.000     0.000     0.000     0.000     0.000     0.000     0.000     0.000     0.000     0.000     0.000     0.000     0.000     0.000     0.000    25.000     0.000     0.000     0.000
NU15       0.000     0.000     0.000     0.000     0.000     0.000     0.000     0.000     0.000     0.000     0.000     0.000     0.000     0.000     0.000     0.000     0.000     0.000     0.000   100.000     0.000     0.000     0.000     0.000     0.000     0.000     0.000     0.000     0.000     0.000     0.000     0.000     0.000     0.000
NU16       0.000     0.000   100.000   100.000     0.000     0.000     0.000     0.000     0.000     0.000     0.000     0.000     0.000     0.000     0.000     0.000     0.000     0.000     0.000     0.000     0.000     0.000     0.000     0.000     0.000     0.000     0.000     0.000     0.000     0.000   100.000     0.000     0.000     0.000
NU17       0.000     0.000     0.000     0.000     0.000     0.000     0.000     0.000     0.000     0.000     0.000     0.000     0.000     0.000     0.000     0.000     0.000     0.000     0.000     0.000   100.000     0.000     0.000     0.000     0.000     0.000     0.000     0.000     0.000     0.000     0.000     0.000     0.000     0.000
;

param specs_ub: NU01 NU02 NU03 NU04 NU05 NU06 NU07 NU08 NU09 NU10 NU11 NU12 NU13 NU14 NU15 NU16 NU17 :=
DE01    21.098   100.000    22.000     1.050     0.500     0.450  999984.000     2.500  999984.000   126.000     6.000   110.000   100.000    10.000     1.300    17.000   100.000  
DE02    20.050   100.000    22.000     0.820     0.525     0.500  999984.000     1.600  999984.000   129.699     5.000   110.000   100.000  999984.000     1.300    17.000   100.000  
DE03    23.000   100.000    15.500     1.150     0.700   100.000   100.000     3.000     0.700   125.000     5.500   110.000   100.000     7.500     1.300    17.000   100.000  
DE04    21.250   100.000    18.595     1.100     0.700   100.000     0.360     2.500  999984.000   127.699     4.000   110.000   100.000     7.000     1.300    17.000   100.000  
DE05    23.000     6.500    15.795     1.000     0.720   100.000     0.360     2.250  999984.000   133.000     5.750   110.000   100.000  999984.000     1.300    17.000   100.000  
DE06    25.199     7.000    18.000     1.250     0.750   100.000     0.400     2.500     0.800   131.000     5.500   110.000   100.000  999984.000     1.300    17.000   100.000  
DE07    23.047   100.000    17.000     1.150     0.600   100.000     0.420     2.500     0.800   129.250   100.000   110.000   100.000  88888.000     1.300    17.000   100.000  
DE08    23.148     6.000    15.000     1.245     0.700     2.000     0.400     2.500     0.600   130.500     5.500   110.000   100.000     8.000     1.300    17.000   100.000  
DE09    25.000   100.000    18.000     1.300     0.700   100.000     0.360     2.500  999984.000   129.000     4.000   110.000   100.000     5.500     1.300    17.000   100.000  
DE10    25.199     7.000    18.000     1.250     0.700   100.000     0.400     2.500     0.700   129.898     4.250   110.000   100.000     7.500     1.300    17.000   100.000  
DE11    25.199     7.000    18.000     1.250     0.750   100.000     0.400     2.500     0.800   129.898     5.500   110.000   100.000  999984.000     1.300    17.000   100.000  
DE12    23.148     7.000    18.000     1.225     0.700     2.000     0.400     2.500     0.600   129.898     5.500   110.000   100.000     8.000     1.300    17.000   100.000  
DE13    23.199   100.000    15.250     1.300     0.720   100.000     0.360     2.500  999984.000   129.898     4.000   110.000   100.000     6.000     1.300    17.000   100.000  
DE14    23.199     7.000    18.000     1.250     0.700     2.000     0.400     2.500     0.800   129.898     4.500   110.000   100.000     8.000     1.300    17.000   100.000  
DE15    23.199     7.000    20.000     1.050     0.750   100.000     0.400     2.500     0.800   129.250     5.500   110.000   100.000     9.000     1.300    17.000   100.000  
DE16    24.000     6.500    16.300     1.000     0.720   100.000     0.360     2.250  999984.000   132.000     5.750   110.000   100.000  999984.000     1.300    17.000   100.000  
DE17    23.219     6.000    20.500     1.030     0.600     1.500     0.350     2.500     0.450   130.797   100.000   110.000   100.000     7.000     1.300    17.000   100.000  
DE18    23.598     6.250    18.000     1.230     0.687     2.200     0.350     1.500     0.600   134.250     5.000   110.000   100.000    10.500     1.300    17.000   100.000  
;

param specs_lb: NU01 NU02 NU03 NU04 NU05 NU06 NU07 NU08 NU09 NU10 NU11 NU12 NU13 NU14 NU15 NU16 NU17 :=
DE01    16.098     2.000     0.000     0.800     0.400     0.000     0.226     0.000     0.360   116.000     0.000    90.000    12.616     5.000     1.300     0.000     0.000  
DE02    15.050     4.000     0.000     0.570     0.420     0.000     0.230     0.000     0.332   119.699     0.000    90.000    15.000     3.649     1.300     0.000     0.000  
DE03    18.000     3.000     5.000     0.900     0.450     0.278     0.000     0.000     0.400   115.000     0.000    90.000     8.000     0.000     1.300     0.000     0.000  
DE04    16.250     4.000     0.000     0.850     0.450     0.000     0.230     0.000     0.250   117.699     0.000    90.000    15.000     4.800     1.300     0.000     0.000  
DE05    18.000     5.000     0.000     0.750     0.450     1.100     0.210     0.000     0.418   123.000     0.000    90.000    17.000     6.750     1.300     0.000     0.000  
DE06    20.199     4.500     8.000     1.000     0.530     2.133     0.220     0.000     0.350   121.000     0.000    90.000    15.000     6.250     1.300     0.000     0.000  
DE07    18.047     4.000     0.000     0.900     0.480     1.400     0.210     0.000     0.300   119.250     1.664    90.000    16.000     1.000     1.300     0.000     0.000  
DE08    18.148     4.800    10.000     0.995     0.540     0.000     0.210     0.000     0.400   120.500     0.000    90.000    13.510     0.000     1.300     0.000     0.000  
DE09    20.000     4.000     7.000     1.050     0.525     0.975     0.230     0.000     0.250   119.000     0.000    90.000    12.000     0.000     1.300     0.000     0.000  
DE10    20.199     4.800    10.000     1.000     0.550     1.250     0.225     0.000     0.350   119.898     0.000    90.000    15.000     5.000     1.300     0.000     0.000  
DE11    20.199     4.500     8.000     1.000     0.530     1.000     0.220     0.000     0.350   119.898     0.000    90.000    13.505     0.000     1.300     0.000     0.000  
DE12    18.148     4.500    10.000     0.975     0.500     1.000     0.225     0.000     0.350   119.898     0.000    90.000    12.500     0.000     1.300     0.000     0.000  
DE13    18.199     4.800    10.000     1.050     0.550     0.667     0.230     0.000     0.250   119.898     0.000    90.000    15.000     0.000     1.300     0.000     0.000  
DE14    18.199     4.800    11.000     1.000     0.500     1.250     0.225     0.000     0.270   119.898     0.000    90.000    15.000     5.000     1.300     0.000     0.000  
DE15    18.199     4.000     8.000     0.800     0.480     1.300     0.220     0.000     0.350   119.250     0.000    90.000    15.507     7.800     1.300     0.000     0.000  
DE16    19.000     0.000     0.000     0.750     0.450     1.100     0.210     0.000     0.423   122.000     0.000    90.000    14.056     6.750     1.300     0.000     0.000  
DE17    18.219     4.000     8.000     0.780     0.475     0.000     0.220     0.000     0.250   120.797     2.237    90.000    14.877     3.200     1.300     0.000     0.000  
DE18    18.598     5.000    12.000     0.980     0.550     1.300     0.200     0.000     0.400   124.250     0.000    90.000    19.284     3.500     1.300     0.000     0.000  
;

param: tons :=
DE01    25.000
DE02    25.000
DE03    50.000
DE04    50.000
DE05    76.000
DE06    41.000
DE07    25.000
DE08    25.000
DE09    25.000
DE10    44.000
DE11   325.000
DE12   101.000
DE13    62.000
DE14   163.000
DE15    25.000
DE16    70.000
DE17    58.000
DE18    64.000
;

param: RMcost :=
RM01   106.610
RM02   103.110
RM03   154.000
RM04   154.000
RM05    62.000
RM06   115.000
RM07   116.000
RM08    40.000
RM09    68.000
RM10    68.000
RM11   115.000
RM12    95.000
RM13   128.500
RM14    77.000
RM15   164.000
RM16   188.000
RM17   600.000
RM18    25.000
RM19   270.000
RM20    55.000
RM21   170.000
RM22   248.500
RM23   248.500
RM24    66.500
RM25    67.500
RM26    67.500
RM27   289.000
RM28   245.000
RM29   244.000
RM30   106.610
RM31   154.000
RM32    68.000
RM33   248.500
RM34    67.500
;

param mu_lb: RM01 RM02 RM03 RM04 RM05 RM06 RM07 RM08 RM09 RM10 RM11 RM12 RM13 RM14 RM15 RM16 RM17 RM18 RM19 RM20 RM21 RM22 RM23 RM24 RM25 RM26 RM27 RM28 RM29 RM30 RM31 RM32 RM33 RM34 MI01 MI02 MI03 MI04 MI05 MI06 MI07 :=
MI01     0.000    0.000    0.000    0.000    0.000    0.000    0.000    0.000    0.000    0.000    0.000    0.000    0.000    0.000    0.000    0.000    0.000    0.000    0.000    0.000    0.000    0.000    0.000    0.000    0.000    0.000    0.000    0.000    0.000    0.000    0.000    0.000    0.000    0.000    0.000    0.000    0.000    0.000    0.000    0.000    0.000 
MI02     0.000    0.000    0.000    0.000    0.000    0.000    0.000    0.000    0.000    0.000    0.000    0.000    0.000    0.000    0.000    0.000    0.000    0.000    0.000    0.000    0.000    0.000    0.000    0.000    0.000    0.000    0.000    0.000    0.000    0.000    0.000    0.000    0.000    0.000    0.000    0.000    0.000    0.000    0.000    0.000    0.000 
MI03     0.000    0.000    0.000    0.000    0.000    0.000    0.000    0.000    0.000    0.000    0.000    0.000    0.000    0.000    0.000    0.000    0.000    0.000    0.000    0.000    0.000    0.000    0.000    0.000    0.000    0.000    0.000    0.000    0.000    0.000    0.000    0.000    0.000    0.000    0.000    0.000    0.000    0.000    0.000    0.000    0.000 
MI04     0.000    0.000    0.000    0.000    0.000    0.000    0.000    0.000    0.000    0.000    0.000    0.000    0.000    0.000    0.000    0.000    0.000    0.000    0.000    0.000    0.000    0.000    0.000    0.000    0.000    0.000    0.000    0.000    0.000    0.000    0.000    0.000    0.000    0.000    0.000    0.000    0.000    0.000    0.000    0.000    0.000 
MI05     0.000    0.000    0.000    0.000    0.000    0.000    0.000    0.000    0.000    0.000    0.000    0.000    0.000    0.000    0.000    0.000    0.000    0.000    0.000    0.000    0.000    0.000    0.000    0.000    0.000    0.000    0.000    0.000    0.000    0.000    0.000    0.000    0.000    0.000    0.000    0.000    0.000    0.000    0.000    0.000    0.000 
MI06     0.000    0.000    0.000    0.000    0.000    0.000    0.000    0.000    0.000    0.000    0.000    0.000    0.000    0.000    0.000    0.000    0.000    0.000    0.000    0.000    0.000    0.000    0.000    0.000    0.000    0.000    0.000    0.000    0.000    0.000    0.000    0.000    0.000    0.000    0.000    0.000    0.000    0.000    0.000    0.000    0.000 
MI07     0.000    0.000    0.000    0.000    0.000    0.000    0.000    0.000    0.000    0.000    0.000    0.000    0.000    0.000    0.000    0.000    0.000    0.000    0.000    0.000    0.000    0.000    0.000    0.000    0.000    0.000    0.000    0.000    0.000    0.000    0.000    0.000    0.000    0.000    0.000    0.000    0.000    0.000    0.000    0.000    0.000 
;

param mu_ub: RM01 RM02 RM03 RM04 RM05 RM06 RM07 RM08 RM09 RM10 RM11 RM12 RM13 RM14 RM15 RM16 RM17 RM18 RM19 RM20 RM21 RM22 RM23 RM24 RM25 RM26 RM27 RM28 RM29 RM30 RM31 RM32 RM33 RM34 MI01 MI02 MI03 MI04 MI05 MI06 MI07 :=
MI01     0.000   90.000    0.000    0.120    0.092   90.000    0.108    0.120   90.039    0.000    0.150   90.008   90.000    0.013   90.000    0.020    0.020   90.000   90.001    0.075    0.050    0.020    0.000    0.002    0.000    0.050   90.000   90.000   90.000    0.000    0.000    0.000    0.000    0.000    0.000    0.000    0.000    0.000    0.000    0.000    0.000 
MI02     0.000   90.000    0.000    0.120    0.092   90.000    0.108    0.120   90.039    0.000    0.150   90.008   90.000    0.013   90.000    0.020    0.020   90.000   90.001    0.075    0.050    0.020    0.000    0.002    0.000    0.050   90.000   90.000   90.000    0.000    0.000    0.000    0.000    0.000    0.000    0.000    0.000    0.000    0.000    0.000    0.000 
MI03     0.000   90.000    0.000    0.120    0.092   90.000    0.108    0.120   90.039    0.000    0.150   90.008   90.000    0.013   90.000    0.020    0.020   90.000   90.001    0.075    0.050    0.020    0.000    0.002    0.000    0.050   90.000   90.000   90.000    0.000    0.000    0.000    0.000    0.000    0.000    0.000    0.000    0.000    0.000    0.000    0.000 
MI04     0.000   90.000    0.000    0.120    0.092   90.000    0.108    0.120   90.039    0.000    0.150   90.008   90.000    0.013   90.000    0.020    0.020   90.000   90.001    0.075    0.050    0.020    0.000    0.002    0.000    0.050   90.000   90.000   90.000    0.000    0.000    0.000    0.000    0.000    0.000    0.000    0.000    0.000    0.000    0.000    0.000 
MI05     0.000   90.000    0.000    0.120    0.092   90.000    0.108    0.120   90.039    0.000    0.150   90.008   90.000    0.013   90.000    0.020    0.020   90.000   90.001    0.075    0.050    0.020    0.000    0.002    0.000    0.050   90.000   90.000   90.000    0.000    0.000    0.000    0.000    0.000    0.000    0.000    0.000    0.000    0.000    0.000    0.000 
MI06     0.000   90.000    0.000    0.120    0.092   90.000    0.108    0.120   90.039    0.000    0.150   90.008   90.000    0.013   90.000    0.020    0.020   90.000   90.001    0.075    0.050    0.020    0.000    0.002    0.000    0.050   90.000   90.000   90.000    0.000    0.000    0.000    0.000    0.000    0.000    0.000    0.000    0.000    0.000    0.000    0.000 
MI07     0.000   90.000    0.000    0.120    0.092   90.000    0.108    0.120   90.039    0.000    0.150   90.008   90.000    0.013   90.000    0.020    0.020   90.000   90.001    0.075    0.050    0.020    0.000    0.002    0.000    0.050   90.000   90.000   90.000    0.000    0.000    0.000    0.000    0.000    0.000    0.000    0.000    0.000    0.000    0.000    0.000 
;

param lam_lb: RM01 RM02 RM03 RM04 RM05 RM06 RM07 RM08 RM09 RM10 RM11 RM12 RM13 RM14 RM15 RM16 RM17 RM18 RM19 RM20 RM21 RM22 RM23 RM24 RM25 RM26 RM27 RM28 RM29 RM30 RM31 RM32 RM33 RM34 MI01 MI02 MI03 MI04 MI05 MI06 MI07 :=
DE01     0.000    0.000    0.000    0.000    0.000    0.000    0.000    0.000    0.000    0.000    0.000    0.000    0.000    0.000    0.000    0.000    0.000    0.000    0.000    0.000    0.000    0.000    0.000    0.000    0.000    0.000    0.000    0.000    0.000    0.120    0.000    0.120    0.005    0.010    0.000    0.000    0.000    0.000    0.000    0.000    0.000 
DE02     0.000    0.000    0.000    0.000    0.000    0.000    0.000    0.000    0.000    0.000    0.000    0.000    0.000    0.000    0.000    0.000    0.000    0.000    0.000    0.000    0.000    0.000    0.000    0.000    0.000    0.000    0.000    0.000    0.000    0.150    0.090    0.110    0.005    0.010    0.000    0.000    0.000    0.000    0.000    0.000    0.000 
DE03     0.000    0.000    0.000    0.000    0.000    0.000    0.000    0.000    0.000    0.000    0.000    0.000    0.000    0.000    0.000    0.000    0.000    0.000    0.000    0.000    0.000    0.000    0.000    0.000    0.000    0.000    0.000    0.000    0.000    0.080    0.040    0.000    0.005    0.010    0.000    0.000    0.000    0.000    0.000    0.000    0.000 
DE04     0.000    0.000    0.000    0.000    0.000    0.000    0.000    0.000    0.000    0.000    0.000    0.000    0.000    0.000    0.000    0.000    0.000    0.000    0.000    0.000    0.000    0.000    0.000    0.000    0.000    0.000    0.000    0.000    0.000    0.120    0.085    0.110    0.005    0.010    0.000    0.000    0.000    0.000    0.000    0.000    0.000 
DE05     0.000    0.000    0.000    0.000    0.000    0.000    0.000    0.000    0.000    0.000    0.000    0.000    0.000    0.000    0.000    0.000    0.000    0.000    0.000    0.000    0.000    0.000    0.000    0.000    0.000    0.000    0.000    0.000    0.000    0.150    0.085    0.050    0.005    0.010    0.000    0.000    0.000    0.000    0.000    0.000    0.000 
DE06     0.000    0.000    0.000    0.000    0.000    0.000    0.000    0.000    0.000    0.000    0.000    0.000    0.000    0.000    0.000    0.000    0.000    0.000    0.000    0.000    0.000    0.000    0.000    0.000    0.000    0.000    0.000    0.000    0.000    0.125    0.050    0.000    0.005    0.010    0.000    0.000    0.000    0.000    0.000    0.000    0.000 
DE07     0.000    0.000    0.000    0.000    0.000    0.000    0.000    0.000    0.000    0.000    0.000    0.000    0.000    0.000    0.000    0.000    0.000    0.000    0.000    0.000    0.000    0.000    0.000    0.000    0.000    0.000    0.000    0.000    0.000    0.120    0.000    0.000    0.005    0.010    0.000    0.000    0.000    0.000    0.000    0.000    0.000 
DE08     0.000    0.000    0.000    0.000    0.000    0.000    0.000    0.000    0.000    0.000    0.000    0.000    0.000    0.000    0.000    0.000    0.000    0.000    0.000    0.000    0.000    0.000    0.000    0.000    0.000    0.000    0.000    0.000    0.000    0.125    0.000    0.000    0.005    0.010    0.000    0.000    0.000    0.000    0.000    0.000    0.000 
DE09     0.000    0.000    0.000    0.000    0.000    0.000    0.000    0.000    0.000    0.000    0.000    0.000    0.000    0.000    0.000    0.000    0.000    0.000    0.000    0.000    0.000    0.000    0.000    0.000    0.000    0.000    0.000    0.000    0.000    0.113    0.060    0.000    0.005    0.010    0.000    0.000    0.000    0.000    0.000    0.000    0.000 
DE10     0.000    0.000    0.000    0.000    0.000    0.000    0.000    0.000    0.000    0.000    0.000    0.000    0.000    0.000    0.000    0.000    0.000    0.000    0.000    0.000    0.000    0.000    0.000    0.000    0.000    0.000    0.000    0.000    0.000    0.135    0.060    0.000    0.005    0.010    0.000    0.000    0.000    0.000    0.000    0.000    0.000 
DE11     0.000    0.000    0.000    0.000    0.000    0.000    0.000    0.000    0.000    0.000    0.000    0.000    0.000    0.000    0.000    0.000    0.000    0.000    0.000    0.000    0.000    0.000    0.000    0.000    0.000    0.000    0.000    0.000    0.000    0.135    0.000    0.000    0.005    0.010    0.000    0.000    0.000    0.000    0.000    0.000    0.000 
DE12     0.000    0.000    0.000    0.000    0.000    0.000    0.000    0.000    0.000    0.000    0.000    0.000    0.000    0.000    0.000    0.000    0.000    0.000    0.000    0.000    0.000    0.000    0.000    0.000    0.000    0.000    0.000    0.000    0.000    0.125    0.060    0.000    0.005    0.010    0.000    0.000    0.000    0.000    0.000    0.000    0.000 
DE13     0.000    0.000    0.000    0.000    0.000    0.000    0.000    0.000    0.000    0.000    0.000    0.000    0.000    0.000    0.000    0.000    0.000    0.000    0.000    0.000    0.000    0.000    0.000    0.000    0.000    0.000    0.000    0.000    0.000    0.120    0.000    0.000    0.005    0.010    0.000    0.000    0.000    0.000    0.000    0.000    0.000 
DE14     0.000    0.000    0.000    0.000    0.000    0.000    0.000    0.000    0.000    0.000    0.000    0.000    0.000    0.000    0.000    0.000    0.000    0.000    0.000    0.000    0.000    0.000    0.000    0.000    0.000    0.000    0.000    0.000    0.000    0.140    0.060    0.000    0.005    0.010    0.000    0.000    0.000    0.000    0.000    0.000    0.000 
DE15     0.000    0.000    0.000    0.000    0.000    0.000    0.000    0.000    0.000    0.000    0.000    0.000    0.000    0.000    0.000    0.000    0.000    0.000    0.000    0.000    0.000    0.000    0.000    0.000    0.000    0.000    0.000    0.000    0.000    0.130    0.000    0.000    0.005    0.010    0.000    0.000    0.000    0.000    0.000    0.000    0.000 
DE16     0.000    0.000    0.000    0.000    0.000    0.000    0.000    0.000    0.000    0.000    0.000    0.000    0.000    0.000    0.000    0.000    0.000    0.000    0.000    0.000    0.000    0.000    0.000    0.000    0.000    0.000    0.000    0.000    0.000    0.125    0.065    0.050    0.005    0.010    0.000    0.000    0.000    0.000    0.000    0.000    0.000 
DE17     0.000    0.000    0.000    0.000    0.000    0.000    0.000    0.000    0.000    0.000    0.000    0.000    0.000    0.000    0.000    0.000    0.000    0.000    0.000    0.000    0.000    0.000    0.000    0.000    0.000    0.000    0.000    0.000    0.000    0.120    0.090    0.060    0.005    0.010    0.000    0.000    0.000    0.000    0.000    0.000    0.000 
DE18     0.000    0.000    0.000    0.000    0.000    0.000    0.000    0.000    0.000    0.000    0.000    0.000    0.000    0.000    0.000    0.000    0.000    0.000    0.000    0.000    0.000    0.000    0.000    0.000    0.000    0.000    0.000    0.000    0.000    0.160    0.065    0.000    0.005    0.010    0.000    0.000    0.000    0.000    0.000    0.000    0.000 
;

param lam_ub: RM01 RM02 RM03 RM04 RM05 RM06 RM07 RM08 RM09 RM10 RM11 RM12 RM13 RM14 RM15 RM16 RM17 RM18 RM19 RM20 RM21 RM22 RM23 RM24 RM25 RM26 RM27 RM28 RM29 RM30 RM31 RM32 RM33 RM34 MI01 MI02 MI03 MI04 MI05 MI06 MI07 :=
DE01     0.000    0.000    0.000    0.000    0.000    0.000    0.000    0.000    0.000    0.000    0.000    0.000    0.000    0.000    0.000    0.000    0.000    0.000    0.000    0.000    0.000    0.000    0.000    0.000    0.000    0.000    0.000    0.000    0.000    0.150    0.000    0.175    0.010    0.020    1.000    1.000    1.000    1.000    1.000    1.000    1.000 
DE02     0.000    0.000    0.000    0.000    0.000    0.000    0.000    0.000    0.000    0.000    0.000    0.000    0.000    0.000    0.000    0.000    0.000    0.000    0.000    0.000    0.000    0.000    0.000    0.000    0.000    0.000    0.000    0.000    0.000    0.215    0.125    0.160    0.010    0.020    1.000    1.000    1.000    1.000    1.000    1.000    1.000 
DE03     0.000    0.000    0.000    0.000    0.000    0.000    0.000    0.000    0.000    0.000    0.000    0.000    0.000    0.000    0.000    0.000    0.000    0.000    0.000    0.000    0.000    0.000    0.000    0.000    0.000    0.000    0.000    0.000    0.000    0.140    0.120    0.000    0.010    0.020    1.000    1.000    1.000    1.000    1.000    1.000    1.000 
DE04     0.000    0.000    0.000    0.000    0.000    0.000    0.000    0.000    0.000    0.000    0.000    0.000    0.000    0.000    0.000    0.000    0.000    0.000    0.000    0.000    0.000    0.000    0.000    0.000    0.000    0.000    0.000    0.000    0.000    0.130    0.120    0.120    0.010    0.020    1.000    1.000    1.000    1.000    1.000    1.000    1.000 
DE05     0.000    0.000    0.000    0.000    0.000    0.000    0.000    0.000    0.000    0.000    0.000    0.000    0.000    0.000    0.000    0.000    0.000    0.000    0.000    0.000    0.000    0.000    0.000    0.000    0.000    0.000    0.000    0.000    0.000    0.200    0.115    0.060    0.010    0.020    1.000    1.000    1.000    1.000    1.000    1.000    1.000 
DE06     0.000    0.000    0.000    0.000    0.000    0.000    0.000    0.000    0.000    0.000    0.000    0.000    0.000    0.000    0.000    0.000    0.000    0.000    0.000    0.000    0.000    0.000    0.000    0.000    0.000    0.000    0.000    0.000    0.000    0.250    0.060    0.000    0.010    0.020    1.000    1.000    1.000    1.000    1.000    1.000    1.000 
DE07     0.000    0.000    0.000    0.000    0.000    0.000    0.000    0.000    0.000    0.000    0.000    0.000    0.000    0.000    0.000    0.000    0.000    0.000    0.000    0.000    0.000    0.000    0.000    0.000    0.000    0.000    0.000    0.000    0.000    1.000    0.000    0.000    0.010    0.020    1.000    1.000    1.000    1.000    1.000    1.000    1.000 
DE08     0.000    0.000    0.000    0.000    0.000    0.000    0.000    0.000    0.000    0.000    0.000    0.000    0.000    0.000    0.000    0.000    0.000    0.000    0.000    0.000    0.000    0.000    0.000    0.000    0.000    0.000    0.000    0.000    0.000    0.180    0.000    0.000    0.010    0.020    1.000    1.000    1.000    1.000    1.000    1.000    1.000 
DE09     0.000    0.000    0.000    0.000    0.000    0.000    0.000    0.000    0.000    0.000    0.000    0.000    0.000    0.000    0.000    0.000    0.000    0.000    0.000    0.000    0.000    0.000    0.000    0.000    0.000    0.000    0.000    0.000    0.000    0.140    0.100    0.000    0.010    0.020    1.000    1.000    1.000    1.000    1.000    1.000    1.000 
DE10     0.000    0.000    0.000    0.000    0.000    0.000    0.000    0.000    0.000    0.000    0.000    0.000    0.000    0.000    0.000    0.000    0.000    0.000    0.000    0.000    0.000    0.000    0.000    0.000    0.000    0.000    0.000    0.000    0.000    0.170    0.070    0.000    0.010    0.020    1.000    1.000    1.000    1.000    1.000    1.000    1.000 
DE11     0.000    0.000    0.000    0.000    0.000    0.000    0.000    0.000    0.000    0.000    0.000    0.000    0.000    0.000    0.000    0.000    0.000    0.000    0.000    0.000    0.000    0.000    0.000    0.000    0.000    0.000    0.000    0.000    0.000    0.250    0.000    0.000    0.010    0.020    1.000    1.000    1.000    1.000    1.000    1.000    1.000 
DE12     0.000    0.000    0.000    0.000    0.000    0.000    0.000    0.000    0.000    0.000    0.000    0.000    0.000    0.000    0.000    0.000    0.000    0.000    0.000    0.000    0.000    0.000    0.000    0.000    0.000    0.000    0.000    0.000    0.000    0.180    0.090    0.000    0.010    0.020    1.000    1.000    1.000    1.000    1.000    1.000    1.000 
DE13     0.000    0.000    0.000    0.000    0.000    0.000    0.000    0.000    0.000    0.000    0.000    0.000    0.000    0.000    0.000    0.000    0.000    0.000    0.000    0.000    0.000    0.000    0.000    0.000    0.000    0.000    0.000    0.000    0.000    0.125    0.000    0.000    0.010    0.020    1.000    1.000    1.000    1.000    1.000    1.000    1.000 
DE14     0.000    0.000    0.000    0.000    0.000    0.000    0.000    0.000    0.000    0.000    0.000    0.000    0.000    0.000    0.000    0.000    0.000    0.000    0.000    0.000    0.000    0.000    0.000    0.000    0.000    0.000    0.000    0.000    0.000    0.145    0.070    0.000    0.010    0.020    1.000    1.000    1.000    1.000    1.000    1.000    1.000 
DE15     0.000    0.000    0.000    0.000    0.000    0.000    0.000    0.000    0.000    0.000    0.000    0.000    0.000    0.000    0.000    0.000    0.000    0.000    0.000    0.000    0.000    0.000    0.000    0.000    0.000    0.000    0.000    0.000    0.000    0.250    0.000    0.000    0.010    0.020    1.000    1.000    1.000    1.000    1.000    1.000    1.000 
DE16     0.000    0.000    0.000    0.000    0.000    0.000    0.000    0.000    0.000    0.000    0.000    0.000    0.000    0.000    0.000    0.000    0.000    0.000    0.000    0.000    0.000    0.000    0.000    0.000    0.000    0.000    0.000    0.000    0.000    0.200    0.115    0.060    0.010    0.020    1.000    1.000    1.000    1.000    1.000    1.000    1.000 
DE17     0.000    0.000    0.000    0.000    0.000    0.000    0.000    0.000    0.000    0.000    0.000    0.000    0.000    0.000    0.000    0.000    0.000    0.000    0.000    0.000    0.000    0.000    0.000    0.000    0.000    0.000    0.000    0.000    0.000    0.150    0.120    0.090    0.010    0.020    1.000    1.000    1.000    1.000    1.000    1.000    1.000 
DE18     0.000    0.000    0.000    0.000    0.000    0.000    0.000    0.000    0.000    0.000    0.000    0.000    0.000    0.000    0.000    0.000    0.000    0.000    0.000    0.000    0.000    0.000    0.000    0.000    0.000    0.000    0.000    0.000    0.000    0.185    0.105    0.000    0.010    0.020    1.000    1.000    1.000    1.000    1.000    1.000    1.000 
;
