set NU :=  NU01 NU02 NU03 NU04 NU05 NU06 NU07 NU08 NU09 NU10 NU11 NU12 NU13 NU14;
set RM :=  RM01 RM02 RM03 RM04 RM05 RM06 RM07 RM08 RM09 RM10 RM11 RM12 RM13 RM14 RM15 RM16 RM17 RM18 RM19 RM20 RM21 RM22 RM23 RM24 RM25 RM26 RM27 RM28 RM29 RM30 RM31 RM32 RM33 RM34 RM35 RM36 RM37 RM38 RM39 RM40 RM41 RM42 RM43;
set MI :=  MI01 MI02 MI03 MI04 MI05 MI06 MI07;
set DE :=  DE01 DE02 DE03 DE04 DE05 DE06 DE07 DE08 DE09 DE10 DE11 DE12 DE13 DE14 DE15 DE16 DE17 DE18 DE19 DE20 DE21 DE22 DE23 DE24 DE25 DE26 DE27 DE28 DE29 DE30 DE31 DE32 DE33 DE34 DE35 DE36 DE37 DE38 DE39 DE40 DE41 DE42 DE43 DE44 DE45 DE46 DE47 DE48 DE49 DE50;

param nuinrm(tr): RM01 RM02 RM03 RM04 RM05 RM06 RM07 RM08 RM09 RM10 RM11 RM12 RM13 RM14 RM15 RM16 RM17 RM18 RM19 RM20 RM21 RM22 RM23 RM24 RM25 RM26 RM27 RM28 RM29 RM30 RM31 RM32 RM33 RM34 RM35 RM36 RM37 RM38 RM39 RM40 RM41 RM42 RM43 :=
NU01      11.822    23.000     7.831     7.910    21.000    23.000    23.000    10.000    12.062    12.759    11.000     5.200    22.176     9.994     9.335    16.164    33.844    46.711    34.996    58.160    18.051    48.988     0.200     0.000     0.000     0.000   284.938     0.000     0.000     5.000     5.000     7.218     0.000     0.000     0.000    11.822     7.831    23.000    11.000    18.051     0.000     5.000     7.218
NU02       1.800     1.000     3.100     3.100    16.000    18.000     1.500     1.000     2.605     1.300     0.500     1.000     9.755     0.820     2.388     3.500     2.500     1.118     0.300    12.000    39.527     4.080     0.500     0.000     0.000     0.000     0.000    96.000    96.000     0.100     0.100     2.507     0.000     0.000     0.000     1.800     3.100    18.000     0.500    39.527    96.000     0.100     2.507
NU03       5.500     5.000     2.000     2.000    28.000    23.000     4.500     3.000     7.000    29.734    18.500    48.500    26.004    21.484    37.320     9.514    12.500     3.445    19.500     3.300     1.734     3.421     0.730     0.000     0.000     0.000     0.000     0.000     0.000     0.000     0.000     3.919     0.000     0.000     0.000     5.500     2.000    23.000    18.500     1.734     0.000     0.000     3.919
NU04       0.060     0.330     0.040     0.040     0.140     0.140     0.150     0.050     1.710     1.100     0.400     0.300     0.500     0.300     0.500     0.120     0.700     0.400     0.360     4.500     0.141     0.413     5.300    38.996    20.098     0.000     0.000     0.000     0.000     0.700     0.700     1.800     0.000     0.000     0.000     0.060     0.040     0.140     0.400     0.141     0.000     0.700     1.800
NU05       0.300     0.500     0.260     0.260     0.680     0.680     0.350     0.330     0.350     0.240     0.080     0.100     0.100     0.160     0.088     1.000     1.150     0.650     1.000     2.500     0.292     0.670     0.010     0.040    19.000     0.000     0.000     0.000     0.000     0.080     0.080     0.700     0.000     0.000     0.000     0.300     0.260     0.680     0.080     0.292     0.000     0.080     0.700
NU06       0.000     0.000     0.000     0.000     0.000     0.000     0.000     0.000     0.000     0.000     0.000     0.000     0.000     0.000     0.000     0.000     0.000     0.000     0.000     0.000     0.000     0.000     0.000     0.000     0.000     0.000     0.000     0.000     0.000     0.000     0.000    45.000     0.000     0.000   100.000     0.000     0.000     0.000     0.000     0.000     0.000     0.000    45.000
NU07       0.150     0.230     0.130     0.130     0.240     0.240     0.000     0.110     0.250     0.230     0.200     0.040     0.180     0.170     0.180     0.250     1.100     0.430     0.020     0.000     0.179     0.656     6.300     0.000     0.800     0.000     0.000     0.000     0.000     0.400     0.400     0.150     0.000    21.996     0.000     0.150     0.130     0.240     0.200     0.179     0.000     0.400     0.150
NU08       0.000     0.000     0.000     0.000     0.000     0.000     0.000     0.000     1.000     0.000     0.000     0.000     0.000     0.000     0.000     0.000     0.000     0.000     0.000     0.000     0.000     0.000     0.000     0.000     0.000     0.000   284.938     0.000     0.000     0.000     0.000     0.100     0.000     0.000     0.000     0.000     0.000     0.000     0.000     0.000     0.000     0.000     0.100
NU09       0.120     0.050     0.110     0.110     0.320     0.320     0.000     0.120     0.400     0.300     0.270     0.130     0.200     0.170     0.200     0.400     0.530     0.270     0.700     0.220     0.122     0.278     0.000     0.900     0.800     0.000     0.000     0.000     0.000     0.300     0.300     8.118    52.000    11.000    17.332     0.120     0.110     0.320     0.270     0.122     0.000     0.300     8.118
NU10     122.625   130.160   143.293   138.570   132.918   149.348   134.195   139.590   103.906    90.648   129.516    65.051   116.324    72.090   112.820   108.660   113.953   147.191   102.703   152.137   252.828   165.199    39.387     0.000     0.000     0.000     0.000   403.500   403.500   113.922   113.922    55.922     0.000     0.000     0.000   122.625   143.293   149.348   129.516   252.828   403.500   113.922    55.922
NU11      90.000   112.898    90.000    68.398   102.898    90.000    87.297    85.199    95.602    93.898    90.000    94.297     0.000    57.699    79.086    94.898    69.598    84.812    99.859    66.699    90.000    82.594   370.188    90.699   127.398   157.699   308.875    90.000  -465.880    90.000   187.098    90.000     0.000     0.000   107.805    90.000    90.000    90.000    90.000    90.000    90.000    90.000    90.000
NU12       0.000     0.000     0.000     0.000     0.000     0.000     0.000     0.000     0.000     0.000     0.000     0.000     0.000     0.000     0.000     0.000     0.000     0.000     0.000     0.000     0.000     0.000     0.000     0.000     0.000   100.000     0.000     0.000     0.000     0.000     0.000     0.000     0.000     0.000     0.000     0.000     0.000     0.000     0.000     0.000     0.000     0.000     0.000
NU13       0.000     0.000     0.000     0.000     0.000     0.000     0.000     0.000     0.000     0.000     0.000     0.000     0.000     0.000     0.000     0.000     0.000     0.000     0.000     0.000     0.000   100.000     0.000     0.000     0.000     0.000     0.000     0.000     0.000     0.000     0.000     0.000     0.000     0.000     0.000     0.000     0.000     0.000     0.000     0.000     0.000     0.000     0.000
NU14       0.000     0.000     0.000     0.000     0.000     0.000     0.000     0.000     0.000     0.000     0.000     0.000     0.000     0.000     0.000     0.000     0.000     0.000     0.000     0.000     0.000     0.000     0.000     0.000     0.000     0.000   100.000     0.000     0.000     0.000     0.000     0.000     0.000     0.000     0.000     0.000     0.000     0.000     0.000     0.000     0.000     0.000     0.000
;

param specs_ub: NU01 NU02 NU03 NU04 NU05 NU06 NU07 NU08 NU09 NU10 NU11 NU12 NU13 NU14 :=
DE01    23.000   100.000     7.000     1.250     0.725   100.000     0.360     3.000     0.800   133.598   110.000     1.300     0.000   100.000  
DE02    23.000   100.000     8.000     1.250     0.687   100.000     0.360     3.000     0.800   127.398   110.000     1.300     0.000   100.000  
DE03    21.000   100.000     8.000     1.000     0.687   100.000     0.360     3.000     0.800   125.000   110.000     1.300     0.000   100.000  
DE04    23.000   100.000     9.000     1.250     0.687   100.000     0.360     3.000     0.800   125.000   110.000     1.300     0.000   100.000  
DE05    19.000   100.000    10.500     0.850     0.562   100.000  999984.000     0.500     0.800   118.797   110.000     1.300     0.000     0.000  
DE06    20.893   100.000     9.968     0.950     0.893   100.000  88888.000     0.500  88888.000   120.529   110.000     1.300     0.000     0.000  
DE07    20.700   100.000    15.500     0.850     0.562   100.000  999984.000     0.500     0.800   118.797   110.000     1.300     0.000     0.000  
DE08    19.000   100.000     8.000     0.870     0.687   100.000     0.300     3.000     0.800   127.398   110.000     1.300     0.000   100.000  
DE09    21.000     6.000    10.000     1.100     0.725   100.000     0.360     0.585     0.800   133.598   110.000     1.300     0.000   100.000  
DE10    23.000     6.000    12.000     1.200     0.725   100.000     0.360     1.203     0.800   131.199   110.000     1.300     0.000   100.000  
DE11    21.000     5.000    10.000     1.100     0.687   100.000     0.360     0.782     0.800   127.398   110.000     1.300     0.000   100.000  
DE12    24.797   100.000     8.000     1.350     0.687   100.000     0.420     3.000     0.800   126.797   110.000     1.300     0.000   100.000  
DE13    20.800   100.000     7.000     1.000     0.725   100.000     0.360     3.000     0.800   133.598   110.000     1.300     0.000   100.000  
DE14    23.000   100.000     7.000     1.230     0.725   100.000     0.360     0.500     0.800   133.598   110.000     1.300     0.000     0.000  
DE15    18.900   100.000    18.500     1.250     0.750   100.000     0.360     2.850  999984.000   141.000   110.000     1.300     0.000   100.000  
DE16    22.898   100.000    13.000     1.150     0.562   100.000     0.360     3.000     0.800   137.000   110.000     1.300     0.000   100.000  
DE17    19.000     6.000    15.000     1.090     0.562   100.000     0.360     0.055     0.800   139.000   110.000     1.300     0.000     0.013  
DE18    21.000     6.000    15.000     1.090     0.562   100.000     0.360     0.467     0.800   139.000   110.000     1.300     0.000     0.161  
DE19    19.000     6.000    15.000     1.090     0.562   100.000     0.360     0.116     0.800   139.000   110.000     1.300     0.000     0.036  
DE20    21.000     6.000    18.000     1.090     0.562   100.000   100.000     0.408     1.000   139.000   110.000     1.300     0.000     0.139  
DE21    22.898     6.000    15.000     1.090     0.562   100.000     0.360     0.788     0.800   139.000   110.000     1.300     0.000   100.000  
DE22    21.000     6.000    15.000     1.090     0.562   100.000     0.360     0.449     0.800   142.000   110.000     1.300     0.000     0.155  
DE23    23.000     6.000    15.000     1.090     0.562   100.000     0.360     0.881     0.800   125.000   110.000     1.300     0.000   100.000  
DE24    19.000     6.000    15.000     1.090     0.562   100.000     0.360     0.500     0.800   139.000   110.000     1.300     0.000     0.000  
DE25    21.000     6.000    18.000     1.090     0.562   100.000   100.000     0.329     1.000   139.000   110.000     1.300     0.000     0.151  
DE26    23.000     6.000    15.000     1.050     0.562   100.000     0.360     0.949     0.800   133.598   110.000     1.300     0.000   100.000  
DE27    17.000     6.000    15.000     1.090     0.562   100.000     0.360     0.025     0.800   134.500   110.000     1.300     0.000     0.006  
DE28    22.797   100.000     7.000     1.000     0.725   100.000     0.360     3.000     0.800   133.598   110.000     1.300     0.000   100.000  
DE29    24.500     8.000    18.000     1.090     0.562   100.000  999984.000     2.849  999984.000   133.598   110.000     1.300     0.000   100.000  
DE30    19.000    15.000    20.000     0.950     0.562   100.000   100.000     0.026     0.800   131.982   110.000     1.300     0.000     0.001  
DE31    22.000     6.000    15.000     0.990     0.562   100.000     0.360     0.696     0.800   134.000   110.000     1.300     0.000   100.000  
DE32    19.000     6.000    15.000     0.980     0.562   100.000     0.360     0.155     0.800   139.000   110.000     1.300     0.000     0.046  
DE33    21.000   100.000     7.000     1.150     0.875   100.000     0.500     3.000     0.800   135.000   110.000     1.300     0.000   100.000  
DE34    21.000   100.000     8.393     1.050     0.625   100.000  999984.000     0.644  999984.000   136.898   110.000     1.300     0.000   100.000  
DE35    21.000   100.000    15.000     1.090     0.562   100.000     0.360     3.000     0.800   127.398   110.000     1.300     0.000   100.000  
DE36    21.797     8.000    18.000     1.250     0.725   100.000  999984.000     2.721  999984.000   140.000   110.000     1.300     0.000   100.000  
DE37    23.000   100.000     8.000     1.090     0.562   100.000     0.360     3.000     0.800   125.000   110.000     1.300     0.000   100.000  
DE38    25.500   100.000     8.500     1.150     0.637   100.000     0.600     3.000     0.800   133.449   110.000     1.300     0.000   100.000  
DE39    21.000   100.000     8.040     1.200     0.625   100.000  999984.000     0.811  999984.000   132.310   110.000     1.300     0.000   100.000  
DE40    23.039   100.000    15.000     1.350     0.675   100.000     0.360     0.500     0.800   137.500   110.000     1.300     0.000     0.000  
DE41    19.500     8.000    15.000     0.970     0.662   100.000     0.360     1.584  999984.000   138.000   110.000     1.300     0.000   100.000  
DE42    17.000   100.000    18.000     1.090     0.562   100.000     0.360     3.000     1.500   129.199   110.000     1.300     0.000   100.000  
DE43    21.000     6.000    19.000     0.950     0.625   100.000     0.360     0.509     1.000   127.898   110.000     1.300     0.000   100.000  
DE44    19.000     6.000    15.000     1.090     0.562   100.000     0.360     0.268  999984.000   131.199   110.000     1.300     0.000     0.093  
DE45    19.000   100.000     8.473     1.050     0.691   100.000  999984.000     0.125  999984.000   127.126   110.000     1.300     0.000     0.014  
DE46    19.000     6.000    15.000     1.090     0.562   100.000     0.360     0.008     0.800   133.598   110.000     1.300     0.000     0.001  
DE47    21.000     6.000    15.000     1.090     0.562   100.000     0.360     0.631     0.800   133.598   110.000     1.300     0.000   100.000  
DE48    23.000     6.500    15.000     1.090     0.562   100.000     0.360     1.113     0.800   133.598   110.000     1.300     0.000   100.000  
DE49    19.000     6.000    15.000     1.090     0.562   100.000     0.360     0.177     0.800   133.598   110.000     1.300     0.000     0.056  
DE50    23.000     6.000    15.000     1.090     0.562   100.000     0.360     1.011     0.800   133.598   110.000     1.300     0.000   100.000  
;

param specs_lb: NU01 NU02 NU03 NU04 NU05 NU06 NU07 NU08 NU09 NU10 NU11 NU12 NU13 NU14 :=
DE01    18.000     2.800     0.000     1.000     0.580     1.800     0.220     0.000     0.300   123.598    90.000     1.300     0.000     0.000  
DE02    18.000     2.300     0.000     1.000     0.550     0.000     0.220     0.000     0.300   117.398    90.000     1.300     0.000     0.000  
DE03    16.000     2.300     0.000     0.750     0.550     0.700     0.220     0.000     0.300   115.000    90.000     1.300     0.000     0.000  
DE04    18.000     2.300     0.000     1.000     0.550     1.650     0.220     0.000     0.300   115.000    90.000     1.300     0.000     0.000  
DE05    14.000     1.800     0.000     0.600     0.450     0.000     0.160     0.000     0.300   108.797    90.000     1.300     0.000     0.000  
DE06    15.893     4.077     0.000     0.700     0.714     0.000     0.220     0.000     0.324   110.529    90.000     1.300     0.000     0.000  
DE07    15.700     1.800     0.000     0.600     0.450     0.000     0.220     0.000     0.300   108.797    90.000     1.300     0.000     0.000  
DE08    14.000     2.300     0.000     0.620     0.550     0.002     0.160     0.000     0.300   117.398    90.000     1.300     0.000     0.000  
DE09    16.000     2.800     0.000     0.850     0.580     0.318     0.120     0.000     0.300   123.598    90.000     1.300     0.000     0.000  
DE10    18.000     2.800     0.000     0.950     0.580     1.800     0.200     0.000     0.300   121.199    90.000     1.300     0.000     0.000  
DE11    16.000     2.500     5.000     0.850     0.550     2.250     0.140     0.000     0.300   117.398    90.000     1.300     0.000     0.000  
DE12    19.797     2.300     0.000     1.100     0.550     1.650     0.280     0.000     0.300   116.797    90.000     1.300     0.000     0.000  
DE13    15.800     2.800     0.000     0.750     0.580     0.050     0.220     0.000     0.300   123.598    90.000     1.300     0.000     0.000  
DE14    18.000     2.800     0.000     0.980     0.580     0.031     0.220     0.000     0.300   123.598    90.000     1.300     0.000     0.000  
DE15    13.900     4.800    10.000     1.000     0.600     0.067     0.220     0.000     0.300   131.000    90.000     1.300     0.000     0.000  
DE16    17.898     2.800     0.000     0.900     0.450     1.650     0.220     0.000     0.300   127.000    90.000     1.300     0.000     0.000  
DE17    14.000     2.000     5.000     0.840     0.450     0.345     0.140     0.000     0.400   129.000    90.000     1.300     0.000     0.000  
DE18    16.000     2.000     5.000     0.840     0.450     0.330     0.140     0.000     0.400   129.000    90.000     1.300     0.000     0.000  
DE19    14.000     2.000     5.000     0.840     0.450     1.800     0.140     0.000     0.400   129.000    90.000     1.300     0.000     0.000  
DE20    16.000     2.500     5.000     0.840     0.450     1.800     0.000     0.000     0.400   129.000    90.000     1.300     0.000     0.000  
DE21    17.898     2.000     5.000     0.840     0.450     1.800     0.140     0.000     0.400   129.000    90.000     1.300     0.000     0.000  
DE22    16.000     2.000     5.000     0.840     0.450     0.330     0.140     0.000     0.400   132.000    90.000     1.300     0.000     0.000  
DE23    18.000     2.000     5.000     0.840     0.450     1.800     0.140     0.000     0.400   115.000    90.000     1.300     0.000     0.000  
DE24    14.000     2.000     5.000     0.840     0.450     1.800     0.140     0.000     0.400   129.000    90.000     1.300     0.000     0.000  
DE25    16.000     2.500     5.000     0.840     0.450     1.800     0.000     0.000     0.400   129.000    90.000     1.300     0.000     0.000  
DE26    18.000     2.000     5.000     0.800     0.450     1.800     0.140     0.000     0.300   123.598    90.000     1.300     0.000     0.000  
DE27    12.000     0.000     0.000     0.840     0.450     0.274     0.140     0.000     0.400   124.500    90.000     1.300     0.000     0.000  
DE28    17.797     2.800     0.000     0.750     0.580     1.650     0.220     0.000     0.300   123.598    90.000     1.300     0.000     0.000  
DE29    19.500     3.500     5.500     0.840     0.450     0.724     0.200     0.000     0.400   123.598    90.000     1.300     0.000     0.000  
DE30    14.000     2.000     3.000     0.700     0.450     0.413     0.000     0.000     0.300   121.982    90.000     1.300     0.000     0.000  
DE31    17.000     2.000     7.000     0.740     0.450     0.283     0.140     0.000     0.300   124.000    90.000     1.300     0.000     0.000  
DE32    14.000     2.000     0.000     0.730     0.450     2.250     0.140     0.000     0.300   129.000    90.000     1.300     0.000     0.000  
DE33    16.000     3.800     0.000     0.900     0.700     1.650     0.200     0.000     0.730   125.000    90.000     1.300     0.000     0.000  
DE34    16.000     4.000     0.000     0.800     0.500     0.266     0.226     0.000     0.388   126.898    90.000     1.300     0.000     0.000  
DE35    16.000     3.895     0.000     0.840     0.450     0.800     0.220     0.000     0.400   117.398    90.000     1.300     0.000     0.000  
DE36    16.797     2.000     5.500     1.000     0.580     2.550     0.200     0.000     0.500   130.000    90.000     1.300     0.000     0.000  
DE37    18.000     2.300     0.000     0.840     0.450     1.500     0.220     0.000     0.400   115.000    90.000     1.300     0.000     0.000  
DE38    20.500     2.800     0.000     0.900     0.510     1.950     0.260     0.000     0.300   123.449    90.000     1.300     0.000     0.000  
DE39    16.000     5.000     0.000     0.950     0.500     4.500     0.198     0.000     0.850   122.310    90.000     1.300     0.000     0.000  
DE40    18.039     5.870     7.960     1.100     0.540     2.250     0.200     0.000     0.610   127.500    90.000     1.300     0.000     0.000  
DE41    14.500     2.000     7.000     0.720     0.530     1.800     0.200     0.000     0.520   128.000    90.000     1.300     0.000     0.000  
DE42    12.000     2.300     5.000     0.840     0.450     2.250     0.190     0.000     0.400   119.199    90.000     1.300     0.000     0.000  
DE43    16.000     2.800     8.800     0.700     0.500     0.214     0.190     0.000     0.400   117.898    90.000     1.300     0.000     0.000  
DE44    14.000     2.000     7.200     0.840     0.450     2.250     0.140     0.000     0.300   121.199    90.000     1.300     0.000     0.000  
DE45    14.000     4.808     0.000     0.800     0.553     2.250     0.230     0.000     0.828   117.126    90.000     1.300     0.000     0.000  
DE46    14.000     1.000     7.900     0.840     0.450     0.350     0.140     0.000     0.400   123.598    90.000     1.300     0.000     0.000  
DE47    16.000     1.000     8.000     0.840     0.450     0.300     0.140     0.000     0.400   123.598    90.000     1.300     0.000     0.000  
DE48    18.000     2.000     8.000     0.840     0.450     0.304     0.140     0.000     0.400   123.598    90.000     1.300     0.000     0.000  
DE49    14.000     2.000    10.000     0.840     0.450     0.359     0.140     0.000     0.400   123.598    90.000     1.300     0.000     0.000  
DE50    18.000     2.000     9.800     0.840     0.450     0.290     0.140     0.000     0.400   123.598    90.000     1.300     0.000     0.000  
;

param: tons :=
DE01    25.000
DE02   115.000
DE03    25.000
DE04    25.000
DE05    25.000
DE06    25.000
DE07    25.000
DE08    25.000
DE09    25.000
DE10    25.000
DE11    25.000
DE12    25.000
DE13    25.000
DE14    25.000
DE15    25.000
DE16    25.000
DE17    25.000
DE18    25.000
DE19    25.000
DE20    25.000
DE21    33.000
DE22    25.000
DE23    33.000
DE24    25.000
DE25    25.000
DE26    28.000
DE27    36.000
DE28    25.000
DE29    54.000
DE30    25.000
DE31    25.000
DE32    25.000
DE33    27.000
DE34    25.000
DE35    25.000
DE36    32.000
DE37    25.000
DE38    25.000
DE39    25.000
DE40    25.000
DE41    25.000
DE42    25.000
DE43    25.000
DE44    25.000
DE45    25.000
DE46    25.000
DE47    50.000
DE48    25.000
DE49    41.000
DE50    25.000
;

param: RMcost :=
RM01   107.750
RM02    77.250
RM03   103.570
RM04    99.040
RM05   236.000
RM06   268.500
RM07    97.250
RM08   106.920
RM09    86.000
RM10   113.500
RM11    92.000
RM12   120.000
RM13     2.250
RM14    44.750
RM15   102.250
RM16    80.000
RM17   142.000
RM18   170.000
RM19   110.000
RM20   354.000
RM21   305.610
RM22   264.380
RM23   600.000
RM24    36.000
RM25   350.000
RM26    55.000
RM27   260.000
RM28   303.500
RM29   303.500
RM30   102.500
RM31   102.500
RM32   178.320
RM33   269.000
RM34   275.000
RM35   242.330
RM36   107.750
RM37   103.570
RM38   268.500
RM39    92.000
RM40   305.610
RM41   303.500
RM42   102.500
RM43   178.320
;

param mu_lb: RM01 RM02 RM03 RM04 RM05 RM06 RM07 RM08 RM09 RM10 RM11 RM12 RM13 RM14 RM15 RM16 RM17 RM18 RM19 RM20 RM21 RM22 RM23 RM24 RM25 RM26 RM27 RM28 RM29 RM30 RM31 RM32 RM33 RM34 RM35 RM36 RM37 RM38 RM39 RM40 RM41 RM42 RM43 MI01 MI02 MI03 MI04 MI05 MI06 MI07 :=
MI01     0.000    0.000    0.000    0.000    0.000    0.000    0.000    0.000    0.000    0.000    0.000    0.000    0.000    0.000    0.000    0.000    0.000    0.000    0.000    0.000    0.000    0.000    0.000    0.000    0.000    0.000    0.000    0.000    0.000    0.000    0.000    0.000    0.000    0.000    0.000    0.000    0.000    0.000    0.000    0.000    0.000    0.000    0.000    0.000    0.000    0.000    0.000    0.000    0.000    0.000 
MI02     0.000    0.000    0.000    0.000    0.000    0.000    0.000    0.000    0.000    0.000    0.000    0.000    0.000    0.000    0.000    0.000    0.000    0.000    0.000    0.000    0.000    0.000    0.000    0.000    0.000    0.000    0.000    0.000    0.000    0.000    0.000    0.000    0.000    0.000    0.000    0.000    0.000    0.000    0.000    0.000    0.000    0.000    0.000    0.000    0.000    0.000    0.000    0.000    0.000    0.000 
MI03     0.000    0.000    0.000    0.000    0.000    0.000    0.000    0.000    0.000    0.000    0.000    0.000    0.000    0.000    0.000    0.000    0.000    0.000    0.000    0.000    0.000    0.000    0.000    0.000    0.000    0.000    0.000    0.000    0.000    0.000    0.000    0.000    0.000    0.000    0.000    0.000    0.000    0.000    0.000    0.000    0.000    0.000    0.000    0.000    0.000    0.000    0.000    0.000    0.000    0.000 
MI04     0.000    0.000    0.000    0.000    0.000    0.000    0.000    0.000    0.000    0.000    0.000    0.000    0.000    0.000    0.000    0.000    0.000    0.000    0.000    0.000    0.000    0.000    0.000    0.000    0.000    0.000    0.000    0.000    0.000    0.000    0.000    0.000    0.000    0.000    0.000    0.000    0.000    0.000    0.000    0.000    0.000    0.000    0.000    0.000    0.000    0.000    0.000    0.000    0.000    0.000 
MI05     0.000    0.000    0.000    0.000    0.000    0.000    0.000    0.000    0.000    0.000    0.000    0.000    0.000    0.000    0.000    0.000    0.000    0.000    0.000    0.000    0.000    0.000    0.000    0.000    0.000    0.000    0.000    0.000    0.000    0.000    0.000    0.000    0.000    0.000    0.000    0.000    0.000    0.000    0.000    0.000    0.000    0.000    0.000    0.000    0.000    0.000    0.000    0.000    0.000    0.000 
MI06     0.000    0.000    0.000    0.000    0.000    0.000    0.000    0.000    0.000    0.000    0.000    0.000    0.000    0.000    0.000    0.000    0.000    0.000    0.000    0.000    0.000    0.000    0.000    0.000    0.000    0.000    0.000    0.000    0.000    0.000    0.000    0.000    0.000    0.000    0.000    0.000    0.000    0.000    0.000    0.000    0.000    0.000    0.000    0.000    0.000    0.000    0.000    0.000    0.000    0.000 
MI07     0.000    0.000    0.000    0.000    0.000    0.000    0.000    0.000    0.000    0.000    0.000    0.000    0.000    0.000    0.000    0.000    0.000    0.000    0.000    0.000    0.000    0.000    0.000    0.000    0.000    0.000    0.000    0.000    0.000    0.000    0.000    0.000    0.000    0.000    0.000    0.000    0.000    0.000    0.000    0.000    0.000    0.000    0.000    0.000    0.000    0.000    0.000    0.000    0.000    0.000 
;

param mu_ub: RM01 RM02 RM03 RM04 RM05 RM06 RM07 RM08 RM09 RM10 RM11 RM12 RM13 RM14 RM15 RM16 RM17 RM18 RM19 RM20 RM21 RM22 RM23 RM24 RM25 RM26 RM27 RM28 RM29 RM30 RM31 RM32 RM33 RM34 RM35 RM36 RM37 RM38 RM39 RM40 RM41 RM42 RM43 MI01 MI02 MI03 MI04 MI05 MI06 MI07 :=
MI01     0.000    0.094    0.000   90.000   90.000    0.000    0.045    0.200    0.080   90.000    0.000   90.000    0.082    0.100    0.000   90.000    0.250   90.000    0.045    1.000    0.000    1.000    0.025   90.000   90.000    0.075    0.050    0.000    0.021    0.000    0.050    0.000   90.000   90.000   30.017    0.000    0.000    0.000    0.000    0.000    0.000    0.000    0.000    0.000    0.000    0.000    0.000    0.000    0.000    0.000 
MI02     0.000    0.094    0.000   90.000   90.000    0.000    0.045    0.200    0.080   90.000    0.000   90.000    0.082    0.100    0.000   90.000    0.250   90.000    0.045    1.000    0.000    1.000    0.025   90.000   90.000    0.075    0.050    0.000    0.021    0.000    0.050    0.000   90.000   90.000   30.017    0.000    0.000    0.000    0.000    0.000    0.000    0.000    0.000    0.000    0.000    0.000    0.000    0.000    0.000    0.000 
MI03     0.000    0.094    0.000   90.000   90.000    0.000    0.045    0.200    0.080   90.000    0.000   90.000    0.082    0.100    0.000   90.000    0.250   90.000    0.045    1.000    0.000    1.000    0.025   90.000   90.000    0.075    0.050    0.000    0.021    0.000    0.050    0.000   90.000   90.000   30.017    0.000    0.000    0.000    0.000    0.000    0.000    0.000    0.000    0.000    0.000    0.000    0.000    0.000    0.000    0.000 
MI04     0.000    0.094    0.000   90.000   90.000    0.000    0.045    0.200    0.080   90.000    0.000   90.000    0.082    0.100    0.000   90.000    0.250   90.000    0.045    1.000    0.000    1.000    0.025   90.000   90.000    0.075    0.050    0.000    0.021    0.000    0.050    0.000   90.000   90.000   30.017    0.000    0.000    0.000    0.000    0.000    0.000    0.000    0.000    0.000    0.000    0.000    0.000    0.000    0.000    0.000 
MI05     0.000    0.094    0.000   90.000   90.000    0.000    0.045    0.200    0.080   90.000    0.000   90.000    0.082    0.100    0.000   90.000    0.250   90.000    0.045    1.000    0.000    1.000    0.025   90.000   90.000    0.075    0.050    0.000    0.021    0.000    0.050    0.000   90.000   90.000   30.017    0.000    0.000    0.000    0.000    0.000    0.000    0.000    0.000    0.000    0.000    0.000    0.000    0.000    0.000    0.000 
MI06     0.000    0.094    0.000   90.000   90.000    0.000    0.045    0.200    0.080   90.000    0.000   90.000    0.082    0.100    0.000   90.000    0.250   90.000    0.045    1.000    0.000    1.000    0.025   90.000   90.000    0.075    0.050    0.000    0.021    0.000    0.050    0.000   90.000   90.000   30.017    0.000    0.000    0.000    0.000    0.000    0.000    0.000    0.000    0.000    0.000    0.000    0.000    0.000    0.000    0.000 
MI07     0.000    0.094    0.000   90.000   90.000    0.000    0.045    0.200    0.080   90.000    0.000   90.000    0.082    0.100    0.000   90.000    0.250   90.000    0.045    1.000    0.000    1.000    0.025   90.000   90.000    0.075    0.050    0.000    0.021    0.000    0.050    0.000   90.000   90.000   30.017    0.000    0.000    0.000    0.000    0.000    0.000    0.000    0.000    0.000    0.000    0.000    0.000    0.000    0.000    0.000 
;

param lam_lb: RM01 RM02 RM03 RM04 RM05 RM06 RM07 RM08 RM09 RM10 RM11 RM12 RM13 RM14 RM15 RM16 RM17 RM18 RM19 RM20 RM21 RM22 RM23 RM24 RM25 RM26 RM27 RM28 RM29 RM30 RM31 RM32 RM33 RM34 RM35 RM36 RM37 RM38 RM39 RM40 RM41 RM42 RM43 MI01 MI02 MI03 MI04 MI05 MI06 MI07 :=
DE01     0.000    0.000    0.000    0.000    0.000    0.000    0.000    0.000    0.000    0.000    0.000    0.000    0.000    0.000    0.000    0.000    0.000    0.000    0.000    0.000    0.000    0.000    0.000    0.000    0.000    0.000    0.000    0.000    0.000    0.000    0.000    0.000    0.000    0.000    0.000    0.100    0.200    0.000    0.000    0.000    0.005    0.010    0.000    0.000    0.000    0.000    0.000    0.000    0.000    0.000 
DE02     0.000    0.000    0.000    0.000    0.000    0.000    0.000    0.000    0.000    0.000    0.000    0.000    0.000    0.000    0.000    0.000    0.000    0.000    0.000    0.000    0.000    0.000    0.000    0.000    0.000    0.000    0.000    0.000    0.000    0.000    0.000    0.000    0.000    0.000    0.000    0.100    0.150    0.000    0.000    0.000    0.005    0.010    0.000    0.000    0.000    0.000    0.000    0.000    0.000    0.000 
DE03     0.000    0.000    0.000    0.000    0.000    0.000    0.000    0.000    0.000    0.000    0.000    0.000    0.000    0.000    0.000    0.000    0.000    0.000    0.000    0.000    0.000    0.000    0.000    0.000    0.000    0.000    0.000    0.000    0.000    0.000    0.000    0.000    0.000    0.000    0.000    0.100    0.200    0.000    0.000    0.000    0.005    0.010    0.000    0.000    0.000    0.000    0.000    0.000    0.000    0.000 
DE04     0.000    0.000    0.000    0.000    0.000    0.000    0.000    0.000    0.000    0.000    0.000    0.000    0.000    0.000    0.000    0.000    0.000    0.000    0.000    0.000    0.000    0.000    0.000    0.000    0.000    0.000    0.000    0.000    0.000    0.000    0.000    0.000    0.000    0.000    0.000    0.100    0.200    0.000    0.000    0.000    0.005    0.010    0.000    0.000    0.000    0.000    0.000    0.000    0.000    0.000 
DE05     0.000    0.000    0.000    0.000    0.000    0.000    0.000    0.000    0.000    0.000    0.000    0.000    0.000    0.000    0.000    0.000    0.000    0.000    0.000    0.000    0.000    0.000    0.000    0.000    0.000    0.000    0.000    0.000    0.000    0.000    0.000    0.000    0.000    0.000    0.000    0.200    0.000    0.000    0.000    0.000    0.005    0.010    0.000    0.000    0.000    0.000    0.000    0.000    0.000    0.000 
DE06     0.000    0.000    0.000    0.000    0.000    0.000    0.000    0.000    0.000    0.000    0.000    0.000    0.000    0.000    0.000    0.000    0.000    0.000    0.000    0.000    0.000    0.000    0.000    0.000    0.000    0.000    0.000    0.000    0.000    0.000    0.000    0.000    0.000    0.000    0.000    0.000    0.200    0.000    0.000    0.000    0.005    0.010    0.000    0.000    0.000    0.000    0.000    0.000    0.000    0.000 
DE07     0.000    0.000    0.000    0.000    0.000    0.000    0.000    0.000    0.000    0.000    0.000    0.000    0.000    0.000    0.000    0.000    0.000    0.000    0.000    0.000    0.000    0.000    0.000    0.000    0.000    0.000    0.000    0.000    0.000    0.000    0.000    0.000    0.000    0.000    0.000    0.100    0.200    0.000    0.000    0.000    0.005    0.010    0.000    0.000    0.000    0.000    0.000    0.000    0.000    0.000 
DE08     0.000    0.000    0.000    0.000    0.000    0.000    0.000    0.000    0.000    0.000    0.000    0.000    0.000    0.000    0.000    0.000    0.000    0.000    0.000    0.000    0.000    0.000    0.000    0.000    0.000    0.000    0.000    0.000    0.000    0.000    0.000    0.000    0.000    0.000    0.000    0.120    0.100    0.000    0.000    0.000    0.005    0.010    0.000    0.000    0.000    0.000    0.000    0.000    0.000    0.000 
DE09     0.000    0.000    0.000    0.000    0.000    0.000    0.000    0.000    0.000    0.000    0.000    0.000    0.000    0.000    0.000    0.000    0.000    0.000    0.000    0.000    0.000    0.000    0.000    0.000    0.000    0.000    0.000    0.000    0.000    0.000    0.000    0.000    0.000    0.000    0.000    0.100    0.180    0.000    0.000    0.000    0.005    0.010    0.000    0.000    0.000    0.000    0.000    0.000    0.000    0.000 
DE10     0.000    0.000    0.000    0.000    0.000    0.000    0.000    0.000    0.000    0.000    0.000    0.000    0.000    0.000    0.000    0.000    0.000    0.000    0.000    0.000    0.000    0.000    0.000    0.000    0.000    0.000    0.000    0.000    0.000    0.000    0.000    0.000    0.000    0.000    0.000    0.100    0.100    0.000    0.000    0.000    0.005    0.010    0.000    0.000    0.000    0.000    0.000    0.000    0.000    0.000 
DE11     0.000    0.000    0.000    0.000    0.000    0.000    0.000    0.000    0.000    0.000    0.000    0.000    0.000    0.000    0.000    0.000    0.000    0.000    0.000    0.000    0.000    0.000    0.000    0.000    0.000    0.000    0.000    0.000    0.000    0.000    0.000    0.000    0.000    0.000    0.000    0.120    0.080    0.000    0.000    0.000    0.005    0.010    0.000    0.000    0.000    0.000    0.000    0.000    0.000    0.000 
DE12     0.000    0.000    0.000    0.000    0.000    0.000    0.000    0.000    0.000    0.000    0.000    0.000    0.000    0.000    0.000    0.000    0.000    0.000    0.000    0.000    0.000    0.000    0.000    0.000    0.000    0.000    0.000    0.000    0.000    0.000    0.000    0.000    0.000    0.000    0.000    0.100    0.200    0.000    0.000    0.000    0.005    0.010    0.000    0.000    0.000    0.000    0.000    0.000    0.000    0.000 
DE13     0.000    0.000    0.000    0.000    0.000    0.000    0.000    0.000    0.000    0.000    0.000    0.000    0.000    0.000    0.000    0.000    0.000    0.000    0.000    0.000    0.000    0.000    0.000    0.000    0.000    0.000    0.000    0.000    0.000    0.000    0.000    0.000    0.000    0.000    0.000    0.100    0.200    0.000    0.000    0.000    0.005    0.010    0.000    0.000    0.000    0.000    0.000    0.000    0.000    0.000 
DE14     0.000    0.000    0.000    0.000    0.000    0.000    0.000    0.000    0.000    0.000    0.000    0.000    0.000    0.000    0.000    0.000    0.000    0.000    0.000    0.000    0.000    0.000    0.000    0.000    0.000    0.000    0.000    0.000    0.000    0.000    0.000    0.000    0.000    0.000    0.000    0.050    0.180    0.000    0.125    0.080    0.005    0.010    0.000    0.000    0.000    0.000    0.000    0.000    0.000    0.000 
DE15     0.000    0.000    0.000    0.000    0.000    0.000    0.000    0.000    0.000    0.000    0.000    0.000    0.000    0.000    0.000    0.000    0.000    0.000    0.000    0.000    0.000    0.000    0.000    0.000    0.000    0.000    0.000    0.000    0.000    0.000    0.000    0.000    0.000    0.000    0.000    0.000    0.250    0.000    0.250    0.000    0.005    0.010    0.000    0.000    0.000    0.000    0.000    0.000    0.000    0.000 
DE16     0.000    0.000    0.000    0.000    0.000    0.000    0.000    0.000    0.000    0.000    0.000    0.000    0.000    0.000    0.000    0.000    0.000    0.000    0.000    0.000    0.000    0.000    0.000    0.000    0.000    0.000    0.000    0.000    0.000    0.000    0.000    0.000    0.000    0.000    0.000    0.080    0.300    0.000    0.100    0.035    0.005    0.010    0.000    0.000    0.000    0.000    0.000    0.000    0.000    0.000 
DE17     0.000    0.000    0.000    0.000    0.000    0.000    0.000    0.000    0.000    0.000    0.000    0.000    0.000    0.000    0.000    0.000    0.000    0.000    0.000    0.000    0.000    0.000    0.000    0.000    0.000    0.000    0.000    0.000    0.000    0.000    0.000    0.000    0.000    0.000    0.000    0.080    0.300    0.000    0.100    0.035    0.005    0.010    0.000    0.000    0.000    0.000    0.000    0.000    0.000    0.000 
DE18     0.000    0.000    0.000    0.000    0.000    0.000    0.000    0.000    0.000    0.000    0.000    0.000    0.000    0.000    0.000    0.000    0.000    0.000    0.000    0.000    0.000    0.000    0.000    0.000    0.000    0.000    0.000    0.000    0.000    0.000    0.000    0.000    0.000    0.000    0.000    0.080    0.300    0.000    0.100    0.040    0.005    0.010    0.000    0.000    0.000    0.000    0.000    0.000    0.000    0.000 
DE19     0.000    0.000    0.000    0.000    0.000    0.000    0.000    0.000    0.000    0.000    0.000    0.000    0.000    0.000    0.000    0.000    0.000    0.000    0.000    0.000    0.000    0.000    0.000    0.000    0.000    0.000    0.000    0.000    0.000    0.000    0.000    0.000    0.000    0.000    0.000    0.080    0.250    0.000    0.100    0.040    0.005    0.010    0.000    0.000    0.000    0.000    0.000    0.000    0.000    0.000 
DE20     0.000    0.000    0.000    0.000    0.000    0.000    0.000    0.000    0.000    0.000    0.000    0.000    0.000    0.000    0.000    0.000    0.000    0.000    0.000    0.000    0.000    0.000    0.000    0.000    0.000    0.000    0.000    0.000    0.000    0.000    0.000    0.000    0.000    0.000    0.000    0.080    0.230    0.000    0.080    0.035    0.005    0.010    0.000    0.000    0.000    0.000    0.000    0.000    0.000    0.000 
DE21     0.000    0.000    0.000    0.000    0.000    0.000    0.000    0.000    0.000    0.000    0.000    0.000    0.000    0.000    0.000    0.000    0.000    0.000    0.000    0.000    0.000    0.000    0.000    0.000    0.000    0.000    0.000    0.000    0.000    0.000    0.000    0.000    0.000    0.000    0.000    0.080    0.300    0.040    0.100    0.035    0.005    0.010    0.000    0.000    0.000    0.000    0.000    0.000    0.000    0.000 
DE22     0.000    0.000    0.000    0.000    0.000    0.000    0.000    0.000    0.000    0.000    0.000    0.000    0.000    0.000    0.000    0.000    0.000    0.000    0.000    0.000    0.000    0.000    0.000    0.000    0.000    0.000    0.000    0.000    0.000    0.000    0.000    0.000    0.000    0.000    0.000    0.080    0.200    0.000    0.000    0.000    0.005    0.010    0.000    0.000    0.000    0.000    0.000    0.000    0.000    0.000 
DE23     0.000    0.000    0.000    0.000    0.000    0.000    0.000    0.000    0.000    0.000    0.000    0.000    0.000    0.000    0.000    0.000    0.000    0.000    0.000    0.000    0.000    0.000    0.000    0.000    0.000    0.000    0.000    0.000    0.000    0.000    0.000    0.000    0.000    0.000    0.000    0.080    0.300    0.040    0.050    0.035    0.005    0.010    0.000    0.000    0.000    0.000    0.000    0.000    0.000    0.000 
DE24     0.000    0.000    0.000    0.000    0.000    0.000    0.000    0.000    0.000    0.000    0.000    0.000    0.000    0.000    0.000    0.000    0.000    0.000    0.000    0.000    0.000    0.000    0.000    0.000    0.000    0.000    0.000    0.000    0.000    0.000    0.000    0.000    0.000    0.000    0.000    0.050    0.250    0.040    0.125    0.040    0.005    0.010    0.000    0.000    0.000    0.000    0.000    0.000    0.000    0.000 
DE25     0.000    0.000    0.000    0.000    0.000    0.000    0.000    0.000    0.000    0.000    0.000    0.000    0.000    0.000    0.000    0.000    0.000    0.000    0.000    0.000    0.000    0.000    0.000    0.000    0.000    0.000    0.000    0.000    0.000    0.000    0.000    0.000    0.000    0.000    0.000    0.080    0.200    0.000    0.000    0.000    0.005    0.010    0.000    0.000    0.000    0.000    0.000    0.000    0.000    0.000 
DE26     0.000    0.000    0.000    0.000    0.000    0.000    0.000    0.000    0.000    0.000    0.000    0.000    0.000    0.000    0.000    0.000    0.000    0.000    0.000    0.000    0.000    0.000    0.000    0.000    0.000    0.000    0.000    0.000    0.000    0.000    0.000    0.000    0.000    0.000    0.000    0.080    0.230    0.000    0.000    0.000    0.005    0.010    0.000    0.000    0.000    0.000    0.000    0.000    0.000    0.000 
DE27     0.000    0.000    0.000    0.000    0.000    0.000    0.000    0.000    0.000    0.000    0.000    0.000    0.000    0.000    0.000    0.000    0.000    0.000    0.000    0.000    0.000    0.000    0.000    0.000    0.000    0.000    0.000    0.000    0.000    0.000    0.000    0.000    0.000    0.000    0.000    0.080    0.180    0.000    0.000    0.000    0.005    0.010    0.000    0.000    0.000    0.000    0.000    0.000    0.000    0.000 
DE28     0.000    0.000    0.000    0.000    0.000    0.000    0.000    0.000    0.000    0.000    0.000    0.000    0.000    0.000    0.000    0.000    0.000    0.000    0.000    0.000    0.000    0.000    0.000    0.000    0.000    0.000    0.000    0.000    0.000    0.000    0.000    0.000    0.000    0.000    0.000    0.070    0.260    0.040    0.050    0.000    0.005    0.010    0.000    0.000    0.000    0.000    0.000    0.000    0.000    0.000 
DE29     0.000    0.000    0.000    0.000    0.000    0.000    0.000    0.000    0.000    0.000    0.000    0.000    0.000    0.000    0.000    0.000    0.000    0.000    0.000    0.000    0.000    0.000    0.000    0.000    0.000    0.000    0.000    0.000    0.000    0.000    0.000    0.000    0.000    0.000    0.000    0.000    0.300    0.000    0.000    0.000    0.005    0.010    0.000    0.000    0.000    0.000    0.000    0.000    0.000    0.000 
DE30     0.000    0.000    0.000    0.000    0.000    0.000    0.000    0.000    0.000    0.000    0.000    0.000    0.000    0.000    0.000    0.000    0.000    0.000    0.000    0.000    0.000    0.000    0.000    0.000    0.000    0.000    0.000    0.000    0.000    0.000    0.000    0.000    0.000    0.000    0.000    0.080    0.180    0.000    0.125    0.000    0.005    0.010    0.000    0.000    0.000    0.000    0.000    0.000    0.000    0.000 
DE31     0.000    0.000    0.000    0.000    0.000    0.000    0.000    0.000    0.000    0.000    0.000    0.000    0.000    0.000    0.000    0.000    0.000    0.000    0.000    0.000    0.000    0.000    0.000    0.000    0.000    0.000    0.000    0.000    0.000    0.000    0.000    0.000    0.000    0.000    0.000    0.050    0.250    0.000    0.200    0.000    0.005    0.010    0.000    0.000    0.000    0.000    0.000    0.000    0.000    0.000 
DE32     0.000    0.000    0.000    0.000    0.000    0.000    0.000    0.000    0.000    0.000    0.000    0.000    0.000    0.000    0.000    0.000    0.000    0.000    0.000    0.000    0.000    0.000    0.000    0.000    0.000    0.000    0.000    0.000    0.000    0.000    0.000    0.000    0.000    0.000    0.000    0.100    0.250    0.000    0.000    0.000    0.005    0.010    0.000    0.000    0.000    0.000    0.000    0.000    0.000    0.000 
DE33     0.000    0.000    0.000    0.000    0.000    0.000    0.000    0.000    0.000    0.000    0.000    0.000    0.000    0.000    0.000    0.000    0.000    0.000    0.000    0.000    0.000    0.000    0.000    0.000    0.000    0.000    0.000    0.000    0.000    0.000    0.000    0.000    0.000    0.000    0.000    0.000    0.250    0.000    0.000    0.000    0.005    0.010    0.000    0.000    0.000    0.000    0.000    0.000    0.000    0.000 
DE34     0.000    0.000    0.000    0.000    0.000    0.000    0.000    0.000    0.000    0.000    0.000    0.000    0.000    0.000    0.000    0.000    0.000    0.000    0.000    0.000    0.000    0.000    0.000    0.000    0.000    0.000    0.000    0.000    0.000    0.000    0.000    0.000    0.000    0.000    0.000    0.120    0.200    0.000    0.000    0.000    0.005    0.010    0.000    0.000    0.000    0.000    0.000    0.000    0.000    0.000 
DE35     0.000    0.000    0.000    0.000    0.000    0.000    0.000    0.000    0.000    0.000    0.000    0.000    0.000    0.000    0.000    0.000    0.000    0.000    0.000    0.000    0.000    0.000    0.000    0.000    0.000    0.000    0.000    0.000    0.000    0.000    0.000    0.000    0.000    0.000    0.000    0.080    0.250    0.000    0.105    0.030    0.005    0.010    0.000    0.000    0.000    0.000    0.000    0.000    0.000    0.000 
DE36     0.000    0.000    0.000    0.000    0.000    0.000    0.000    0.000    0.000    0.000    0.000    0.000    0.000    0.000    0.000    0.000    0.000    0.000    0.000    0.000    0.000    0.000    0.000    0.000    0.000    0.000    0.000    0.000    0.000    0.000    0.000    0.000    0.000    0.000    0.000    0.100    0.200    0.000    0.000    0.000    0.005    0.010    0.000    0.000    0.000    0.000    0.000    0.000    0.000    0.000 
DE37     0.000    0.000    0.000    0.000    0.000    0.000    0.000    0.000    0.000    0.000    0.000    0.000    0.000    0.000    0.000    0.000    0.000    0.000    0.000    0.000    0.000    0.000    0.000    0.000    0.000    0.000    0.000    0.000    0.000    0.000    0.000    0.000    0.000    0.000    0.000    0.080    0.250    0.000    0.075    0.000    0.005    0.010    0.000    0.000    0.000    0.000    0.000    0.000    0.000    0.000 
DE38     0.000    0.000    0.000    0.000    0.000    0.000    0.000    0.000    0.000    0.000    0.000    0.000    0.000    0.000    0.000    0.000    0.000    0.000    0.000    0.000    0.000    0.000    0.000    0.000    0.000    0.000    0.000    0.000    0.000    0.000    0.000    0.000    0.000    0.000    0.000    0.200    0.080    0.000    0.000    0.000    0.005    0.010    0.000    0.000    0.000    0.000    0.000    0.000    0.000    0.000 
DE39     0.000    0.000    0.000    0.000    0.000    0.000    0.000    0.000    0.000    0.000    0.000    0.000    0.000    0.000    0.000    0.000    0.000    0.000    0.000    0.000    0.000    0.000    0.000    0.000    0.000    0.000    0.000    0.000    0.000    0.000    0.000    0.000    0.000    0.000    0.000    0.150    0.200    0.000    0.075    0.000    0.005    0.010    0.000    0.000    0.000    0.000    0.000    0.000    0.000    0.000 
DE40     0.000    0.000    0.000    0.000    0.000    0.000    0.000    0.000    0.000    0.000    0.000    0.000    0.000    0.000    0.000    0.000    0.000    0.000    0.000    0.000    0.000    0.000    0.000    0.000    0.000    0.000    0.000    0.000    0.000    0.000    0.000    0.000    0.000    0.000    0.000    0.080    0.250    0.100    0.125    0.000    0.005    0.010    0.000    0.000    0.000    0.000    0.000    0.000    0.000    0.000 
DE41     0.000    0.000    0.000    0.000    0.000    0.000    0.000    0.000    0.000    0.000    0.000    0.000    0.000    0.000    0.000    0.000    0.000    0.000    0.000    0.000    0.000    0.000    0.000    0.000    0.000    0.000    0.000    0.000    0.000    0.000    0.000    0.000    0.000    0.000    0.000    0.200    0.200    0.000    0.075    0.000    0.005    0.010    0.000    0.000    0.000    0.000    0.000    0.000    0.000    0.000 
DE42     0.000    0.000    0.000    0.000    0.000    0.000    0.000    0.000    0.000    0.000    0.000    0.000    0.000    0.000    0.000    0.000    0.000    0.000    0.000    0.000    0.000    0.000    0.000    0.000    0.000    0.000    0.000    0.000    0.000    0.000    0.000    0.000    0.000    0.000    0.000    0.000    0.200    0.000    0.075    0.000    0.005    0.010    0.000    0.000    0.000    0.000    0.000    0.000    0.000    0.000 
DE43     0.000    0.000    0.000    0.000    0.000    0.000    0.000    0.000    0.000    0.000    0.000    0.000    0.000    0.000    0.000    0.000    0.000    0.000    0.000    0.000    0.000    0.000    0.000    0.000    0.000    0.000    0.000    0.000    0.000    0.000    0.000    0.000    0.000    0.000    0.000    0.150    0.200    0.040    0.050    0.000    0.005    0.010    0.000    0.000    0.000    0.000    0.000    0.000    0.000    0.000 
DE44     0.000    0.000    0.000    0.000    0.000    0.000    0.000    0.000    0.000    0.000    0.000    0.000    0.000    0.000    0.000    0.000    0.000    0.000    0.000    0.000    0.000    0.000    0.000    0.000    0.000    0.000    0.000    0.000    0.000    0.000    0.000    0.000    0.000    0.000    0.000    0.050    0.200    0.000    0.000    0.000    0.005    0.010    0.000    0.000    0.000    0.000    0.000    0.000    0.000    0.000 
DE45     0.000    0.000    0.000    0.000    0.000    0.000    0.000    0.000    0.000    0.000    0.000    0.000    0.000    0.000    0.000    0.000    0.000    0.000    0.000    0.000    0.000    0.000    0.000    0.000    0.000    0.000    0.000    0.000    0.000    0.000    0.000    0.000    0.000    0.000    0.000    0.150    0.200    0.050    0.050    0.000    0.005    0.010    0.000    0.000    0.000    0.000    0.000    0.000    0.000    0.000 
DE46     0.000    0.000    0.000    0.000    0.000    0.000    0.000    0.000    0.000    0.000    0.000    0.000    0.000    0.000    0.000    0.000    0.000    0.000    0.000    0.000    0.000    0.000    0.000    0.000    0.000    0.000    0.000    0.000    0.000    0.000    0.000    0.000    0.000    0.000    0.000    0.150    0.200    0.040    0.050    0.000    0.005    0.010    0.000    0.000    0.000    0.000    0.000    0.000    0.000    0.000 
DE47     0.000    0.000    0.000    0.000    0.000    0.000    0.000    0.000    0.000    0.000    0.000    0.000    0.000    0.000    0.000    0.000    0.000    0.000    0.000    0.000    0.000    0.000    0.000    0.000    0.000    0.000    0.000    0.000    0.000    0.000    0.000    0.000    0.000    0.000    0.000    0.150    0.200    0.000    0.050    0.000    0.005    0.010    0.000    0.000    0.000    0.000    0.000    0.000    0.000    0.000 
DE48     0.000    0.000    0.000    0.000    0.000    0.000    0.000    0.000    0.000    0.000    0.000    0.000    0.000    0.000    0.000    0.000    0.000    0.000    0.000    0.000    0.000    0.000    0.000    0.000    0.000    0.000    0.000    0.000    0.000    0.000    0.000    0.000    0.000    0.000    0.000    0.150    0.200    0.000    0.050    0.000    0.005    0.010    0.000    0.000    0.000    0.000    0.000    0.000    0.000    0.000 
DE49     0.000    0.000    0.000    0.000    0.000    0.000    0.000    0.000    0.000    0.000    0.000    0.000    0.000    0.000    0.000    0.000    0.000    0.000    0.000    0.000    0.000    0.000    0.000    0.000    0.000    0.000    0.000    0.000    0.000    0.000    0.000    0.000    0.000    0.000    0.000    0.140    0.190    0.000    0.050    0.000    0.005    0.010    0.000    0.000    0.000    0.000    0.000    0.000    0.000    0.000 
DE50     0.000    0.000    0.000    0.000    0.000    0.000    0.000    0.000    0.000    0.000    0.000    0.000    0.000    0.000    0.000    0.000    0.000    0.000    0.000    0.000    0.000    0.000    0.000    0.000    0.000    0.000    0.000    0.000    0.000    0.000    0.000    0.000    0.000    0.000    0.000    0.130    0.170    0.000    0.050    0.000    0.005    0.010    0.000    0.000    0.000    0.000    0.000    0.000    0.000    0.000 
;

param lam_ub: RM01 RM02 RM03 RM04 RM05 RM06 RM07 RM08 RM09 RM10 RM11 RM12 RM13 RM14 RM15 RM16 RM17 RM18 RM19 RM20 RM21 RM22 RM23 RM24 RM25 RM26 RM27 RM28 RM29 RM30 RM31 RM32 RM33 RM34 RM35 RM36 RM37 RM38 RM39 RM40 RM41 RM42 RM43 MI01 MI02 MI03 MI04 MI05 MI06 MI07 :=
DE01     0.000    0.000    0.000    0.000    0.000    0.000    0.000    0.000    0.000    0.000    0.000    0.000    0.000    0.000    0.000    0.000    0.000    0.000    0.000    0.000    0.000    0.000    0.000    0.000    0.000    0.000    0.000    0.000    0.000    0.000    0.000    0.000    0.000    0.000    0.000    0.150    0.300    0.000    0.000    0.000    0.010    0.020    0.500    1.000    1.000    1.000    1.000    1.000    1.000    1.000 
DE02     0.000    0.000    0.000    0.000    0.000    0.000    0.000    0.000    0.000    0.000    0.000    0.000    0.000    0.000    0.000    0.000    0.000    0.000    0.000    0.000    0.000    0.000    0.000    0.000    0.000    0.000    0.000    0.000    0.000    0.000    0.000    0.000    0.000    0.000    0.000    0.100    0.200    0.000    0.000    0.000    0.010    0.020    0.500    1.000    1.000    1.000    1.000    1.000    1.000    1.000 
DE03     0.000    0.000    0.000    0.000    0.000    0.000    0.000    0.000    0.000    0.000    0.000    0.000    0.000    0.000    0.000    0.000    0.000    0.000    0.000    0.000    0.000    0.000    0.000    0.000    0.000    0.000    0.000    0.000    0.000    0.000    0.000    0.000    0.000    0.000    0.000    0.150    0.300    0.000    0.000    0.000    0.010    0.020    0.500    1.000    1.000    1.000    1.000    1.000    1.000    1.000 
DE04     0.000    0.000    0.000    0.000    0.000    0.000    0.000    0.000    0.000    0.000    0.000    0.000    0.000    0.000    0.000    0.000    0.000    0.000    0.000    0.000    0.000    0.000    0.000    0.000    0.000    0.000    0.000    0.000    0.000    0.000    0.000    0.000    0.000    0.000    0.000    0.200    0.300    0.000    0.000    0.000    0.010    0.020    0.500    1.000    1.000    1.000    1.000    1.000    1.000    1.000 
DE05     0.000    0.000    0.000    0.000    0.000    0.000    0.000    0.000    0.000    0.000    0.000    0.000    0.000    0.000    0.000    0.000    0.000    0.000    0.000    0.000    0.000    0.000    0.000    0.000    0.000    0.000    0.000    0.000    0.000    0.000    0.000    0.000    0.000    0.000    0.000    0.200    0.000    0.000    0.000    0.000    0.010    0.020    0.500    1.000    1.000    1.000    1.000    1.000    1.000    1.000 
DE06     0.000    0.000    0.000    0.000    0.000    0.000    0.000    0.000    0.000    0.000    0.000    0.000    0.000    0.000    0.000    0.000    0.000    0.000    0.000    0.000    0.000    0.000    0.000    0.000    0.000    0.000    0.000    0.000    0.000    0.000    0.000    0.000    0.000    0.000    0.000    0.000    0.200    0.000    0.000    0.000    0.010    0.020    0.500    1.000    1.000    1.000    1.000    1.000    1.000    1.000 
DE07     0.000    0.000    0.000    0.000    0.000    0.000    0.000    0.000    0.000    0.000    0.000    0.000    0.000    0.000    0.000    0.000    0.000    0.000    0.000    0.000    0.000    0.000    0.000    0.000    0.000    0.000    0.000    0.000    0.000    0.000    0.000    0.000    0.000    0.000    0.000    0.500    0.500    0.000    0.000    0.000    0.010    0.020    0.500    1.000    1.000    1.000    1.000    1.000    1.000    1.000 
DE08     0.000    0.000    0.000    0.000    0.000    0.000    0.000    0.000    0.000    0.000    0.000    0.000    0.000    0.000    0.000    0.000    0.000    0.000    0.000    0.000    0.000    0.000    0.000    0.000    0.000    0.000    0.000    0.000    0.000    0.000    0.000    0.000    0.000    0.000    0.000    0.200    0.250    0.000    0.000    0.000    0.010    0.020    0.500    1.000    1.000    1.000    1.000    1.000    1.000    1.000 
DE09     0.000    0.000    0.000    0.000    0.000    0.000    0.000    0.000    0.000    0.000    0.000    0.000    0.000    0.000    0.000    0.000    0.000    0.000    0.000    0.000    0.000    0.000    0.000    0.000    0.000    0.000    0.000    0.000    0.000    0.000    0.000    0.000    0.000    0.000    0.000    0.150    0.300    0.000    0.000    0.000    0.010    0.020    0.500    1.000    1.000    1.000    1.000    1.000    1.000    1.000 
DE10     0.000    0.000    0.000    0.000    0.000    0.000    0.000    0.000    0.000    0.000    0.000    0.000    0.000    0.000    0.000    0.000    0.000    0.000    0.000    0.000    0.000    0.000    0.000    0.000    0.000    0.000    0.000    0.000    0.000    0.000    0.000    0.000    0.000    0.000    0.000    0.200    0.250    0.000    0.000    0.000    0.010    0.020    0.500    1.000    1.000    1.000    1.000    1.000    1.000    1.000 
DE11     0.000    0.000    0.000    0.000    0.000    0.000    0.000    0.000    0.000    0.000    0.000    0.000    0.000    0.000    0.000    0.000    0.000    0.000    0.000    0.000    0.000    0.000    0.000    0.000    0.000    0.000    0.000    0.000    0.000    0.000    0.000    0.000    0.000    0.000    0.000    0.120    0.080    0.000    0.000    0.000    0.010    0.020    0.500    1.000    1.000    1.000    1.000    1.000    1.000    1.000 
DE12     0.000    0.000    0.000    0.000    0.000    0.000    0.000    0.000    0.000    0.000    0.000    0.000    0.000    0.000    0.000    0.000    0.000    0.000    0.000    0.000    0.000    0.000    0.000    0.000    0.000    0.000    0.000    0.000    0.000    0.000    0.000    0.000    0.000    0.000    0.000    0.150    0.220    0.000    0.000    0.000    0.010    0.020    0.500    1.000    1.000    1.000    1.000    1.000    1.000    1.000 
DE13     0.000    0.000    0.000    0.000    0.000    0.000    0.000    0.000    0.000    0.000    0.000    0.000    0.000    0.000    0.000    0.000    0.000    0.000    0.000    0.000    0.000    0.000    0.000    0.000    0.000    0.000    0.000    0.000    0.000    0.000    0.000    0.000    0.000    0.000    0.000    0.150    0.300    0.000    0.000    0.000    0.010    0.020    0.500    1.000    1.000    1.000    1.000    1.000    1.000    1.000 
DE14     0.000    0.000    0.000    0.000    0.000    0.000    0.000    0.000    0.000    0.000    0.000    0.000    0.000    0.000    0.000    0.000    0.000    0.000    0.000    0.000    0.000    0.000    0.000    0.000    0.000    0.000    0.000    0.000    0.000    0.000    0.000    0.000    0.000    0.000    0.000    1.000    0.300    0.000    0.175    0.500    0.010    0.020    0.500    1.000    1.000    1.000    1.000    1.000    1.000    1.000 
DE15     0.000    0.000    0.000    0.000    0.000    0.000    0.000    0.000    0.000    0.000    0.000    0.000    0.000    0.000    0.000    0.000    0.000    0.000    0.000    0.000    0.000    0.000    0.000    0.000    0.000    0.000    0.000    0.000    0.000    0.000    0.000    0.000    0.000    0.000    0.000    0.150    0.500    0.000    0.300    0.040    0.010    0.020    0.500    1.000    1.000    1.000    1.000    1.000    1.000    1.000 
DE16     0.000    0.000    0.000    0.000    0.000    0.000    0.000    0.000    0.000    0.000    0.000    0.000    0.000    0.000    0.000    0.000    0.000    0.000    0.000    0.000    0.000    0.000    0.000    0.000    0.000    0.000    0.000    0.000    0.000    0.000    0.000    0.000    0.000    0.000    0.000    0.200    0.350    0.000    0.100    0.050    0.010    0.020    0.500    1.000    1.000    1.000    1.000    1.000    1.000    1.000 
DE17     0.000    0.000    0.000    0.000    0.000    0.000    0.000    0.000    0.000    0.000    0.000    0.000    0.000    0.000    0.000    0.000    0.000    0.000    0.000    0.000    0.000    0.000    0.000    0.000    0.000    0.000    0.000    0.000    0.000    0.000    0.000    0.000    0.000    0.000    0.000    0.120    0.350    0.000    0.100    0.050    0.010    0.020    0.500    1.000    1.000    1.000    1.000    1.000    1.000    1.000 
DE18     0.000    0.000    0.000    0.000    0.000    0.000    0.000    0.000    0.000    0.000    0.000    0.000    0.000    0.000    0.000    0.000    0.000    0.000    0.000    0.000    0.000    0.000    0.000    0.000    0.000    0.000    0.000    0.000    0.000    0.000    0.000    0.000    0.000    0.000    0.000    0.120    0.350    0.000    0.100    0.080    0.010    0.020    0.500    1.000    1.000    1.000    1.000    1.000    1.000    1.000 
DE19     0.000    0.000    0.000    0.000    0.000    0.000    0.000    0.000    0.000    0.000    0.000    0.000    0.000    0.000    0.000    0.000    0.000    0.000    0.000    0.000    0.000    0.000    0.000    0.000    0.000    0.000    0.000    0.000    0.000    0.000    0.000    0.000    0.000    0.000    0.000    0.120    0.350    0.000    0.100    0.080    0.010    0.020    0.500    1.000    1.000    1.000    1.000    1.000    1.000    1.000 
DE20     0.000    0.000    0.000    0.000    0.000    0.000    0.000    0.000    0.000    0.000    0.000    0.000    0.000    0.000    0.000    0.000    0.000    0.000    0.000    0.000    0.000    0.000    0.000    0.000    0.000    0.000    0.000    0.000    0.000    0.000    0.000    0.000    0.000    0.000    0.000    0.120    0.350    0.000    0.120    0.050    0.010    0.020    0.500    1.000    1.000    1.000    1.000    1.000    1.000    1.000 
DE21     0.000    0.000    0.000    0.000    0.000    0.000    0.000    0.000    0.000    0.000    0.000    0.000    0.000    0.000    0.000    0.000    0.000    0.000    0.000    0.000    0.000    0.000    0.000    0.000    0.000    0.000    0.000    0.000    0.000    0.000    0.000    0.000    0.000    0.000    0.000    0.120    0.350    0.040    0.100    0.050    0.010    0.020    0.500    1.000    1.000    1.000    1.000    1.000    1.000    1.000 
DE22     0.000    0.000    0.000    0.000    0.000    0.000    0.000    0.000    0.000    0.000    0.000    0.000    0.000    0.000    0.000    0.000    0.000    0.000    0.000    0.000    0.000    0.000    0.000    0.000    0.000    0.000    0.000    0.000    0.000    0.000    0.000    0.000    0.000    0.000    0.000    0.120    0.300    0.000    0.000    0.050    0.010    0.020    0.500    1.000    1.000    1.000    1.000    1.000    1.000    1.000 
DE23     0.000    0.000    0.000    0.000    0.000    0.000    0.000    0.000    0.000    0.000    0.000    0.000    0.000    0.000    0.000    0.000    0.000    0.000    0.000    0.000    0.000    0.000    0.000    0.000    0.000    0.000    0.000    0.000    0.000    0.000    0.000    0.000    0.000    0.000    0.000    0.120    0.350    0.045    0.100    0.050    0.010    0.020    0.500    1.000    1.000    1.000    1.000    1.000    1.000    1.000 
DE24     0.000    0.000    0.000    0.000    0.000    0.000    0.000    0.000    0.000    0.000    0.000    0.000    0.000    0.000    0.000    0.000    0.000    0.000    0.000    0.000    0.000    0.000    0.000    0.000    0.000    0.000    0.000    0.000    0.000    0.000    0.000    0.000    0.000    0.000    0.000    0.120    0.350    0.045    0.150    0.080    0.010    0.020    0.500    1.000    1.000    1.000    1.000    1.000    1.000    1.000 
DE25     0.000    0.000    0.000    0.000    0.000    0.000    0.000    0.000    0.000    0.000    0.000    0.000    0.000    0.000    0.000    0.000    0.000    0.000    0.000    0.000    0.000    0.000    0.000    0.000    0.000    0.000    0.000    0.000    0.000    0.000    0.000    0.000    0.000    0.000    0.000    0.120    0.300    0.000    0.000    0.050    0.010    0.020    0.500    1.000    1.000    1.000    1.000    1.000    1.000    1.000 
DE26     0.000    0.000    0.000    0.000    0.000    0.000    0.000    0.000    0.000    0.000    0.000    0.000    0.000    0.000    0.000    0.000    0.000    0.000    0.000    0.000    0.000    0.000    0.000    0.000    0.000    0.000    0.000    0.000    0.000    0.000    0.000    0.000    0.000    0.000    0.000    0.150    0.450    0.000    0.000    0.000    0.010    0.020    0.500    1.000    1.000    1.000    1.000    1.000    1.000    1.000 
DE27     0.000    0.000    0.000    0.000    0.000    0.000    0.000    0.000    0.000    0.000    0.000    0.000    0.000    0.000    0.000    0.000    0.000    0.000    0.000    0.000    0.000    0.000    0.000    0.000    0.000    0.000    0.000    0.000    0.000    0.000    0.000    0.000    0.000    0.000    0.000    0.150    0.300    0.000    0.000    0.000    0.010    0.020    0.500    1.000    1.000    1.000    1.000    1.000    1.000    1.000 
DE28     0.000    0.000    0.000    0.000    0.000    0.000    0.000    0.000    0.000    0.000    0.000    0.000    0.000    0.000    0.000    0.000    0.000    0.000    0.000    0.000    0.000    0.000    0.000    0.000    0.000    0.000    0.000    0.000    0.000    0.000    0.000    0.000    0.000    0.000    0.000    0.130    0.350    0.045    0.100    0.000    0.010    0.020    0.500    1.000    1.000    1.000    1.000    1.000    1.000    1.000 
DE29     0.000    0.000    0.000    0.000    0.000    0.000    0.000    0.000    0.000    0.000    0.000    0.000    0.000    0.000    0.000    0.000    0.000    0.000    0.000    0.000    0.000    0.000    0.000    0.000    0.000    0.000    0.000    0.000    0.000    0.000    0.000    0.000    0.000    0.000    0.000    0.000    1.000    0.000    0.000    0.000    0.010    0.020    0.500    1.000    1.000    1.000    1.000    1.000    1.000    1.000 
DE30     0.000    0.000    0.000    0.000    0.000    0.000    0.000    0.000    0.000    0.000    0.000    0.000    0.000    0.000    0.000    0.000    0.000    0.000    0.000    0.000    0.000    0.000    0.000    0.000    0.000    0.000    0.000    0.000    0.000    0.000    0.000    0.000    0.000    0.000    0.000    0.150    0.260    0.000    0.125    0.000    0.010    0.020    0.500    1.000    1.000    1.000    1.000    1.000    1.000    1.000 
DE31     0.000    0.000    0.000    0.000    0.000    0.000    0.000    0.000    0.000    0.000    0.000    0.000    0.000    0.000    0.000    0.000    0.000    0.000    0.000    0.000    0.000    0.000    0.000    0.000    0.000    0.000    0.000    0.000    0.000    0.000    0.000    0.000    0.000    0.000    0.000    0.200    0.400    0.000    0.200    1.000    0.010    0.020    0.500    1.000    1.000    1.000    1.000    1.000    1.000    1.000 
DE32     0.000    0.000    0.000    0.000    0.000    0.000    0.000    0.000    0.000    0.000    0.000    0.000    0.000    0.000    0.000    0.000    0.000    0.000    0.000    0.000    0.000    0.000    0.000    0.000    0.000    0.000    0.000    0.000    0.000    0.000    0.000    0.000    0.000    0.000    0.000    0.150    0.300    0.000    0.000    0.000    0.010    0.020    0.500    1.000    1.000    1.000    1.000    1.000    1.000    1.000 
DE33     0.000    0.000    0.000    0.000    0.000    0.000    0.000    0.000    0.000    0.000    0.000    0.000    0.000    0.000    0.000    0.000    0.000    0.000    0.000    0.000    0.000    0.000    0.000    0.000    0.000    0.000    0.000    0.000    0.000    0.000    0.000    0.000    0.000    0.000    0.000    0.000    0.400    0.000    0.000    0.000    0.010    0.020    0.500    1.000    1.000    1.000    1.000    1.000    1.000    1.000 
DE34     0.000    0.000    0.000    0.000    0.000    0.000    0.000    0.000    0.000    0.000    0.000    0.000    0.000    0.000    0.000    0.000    0.000    0.000    0.000    0.000    0.000    0.000    0.000    0.000    0.000    0.000    0.000    0.000    0.000    0.000    0.000    0.000    0.000    0.000    0.000    0.200    0.350    0.000    0.000    0.000    0.010    0.020    0.500    1.000    1.000    1.000    1.000    1.000    1.000    1.000 
DE35     0.000    0.000    0.000    0.000    0.000    0.000    0.000    0.000    0.000    0.000    0.000    0.000    0.000    0.000    0.000    0.000    0.000    0.000    0.000    0.000    0.000    0.000    0.000    0.000    0.000    0.000    0.000    0.000    0.000    0.000    0.000    0.000    0.000    0.000    0.000    0.130    0.450    1.000    0.150    0.120    0.010    0.020    0.500    1.000    1.000    1.000    1.000    1.000    1.000    1.000 
DE36     0.000    0.000    0.000    0.000    0.000    0.000    0.000    0.000    0.000    0.000    0.000    0.000    0.000    0.000    0.000    0.000    0.000    0.000    0.000    0.000    0.000    0.000    0.000    0.000    0.000    0.000    0.000    0.000    0.000    0.000    0.000    0.000    0.000    0.000    0.000    0.150    0.300    0.000    0.000    0.000    0.010    0.020    0.500    1.000    1.000    1.000    1.000    1.000    1.000    1.000 
DE37     0.000    0.000    0.000    0.000    0.000    0.000    0.000    0.000    0.000    0.000    0.000    0.000    0.000    0.000    0.000    0.000    0.000    0.000    0.000    0.000    0.000    0.000    0.000    0.000    0.000    0.000    0.000    0.000    0.000    0.000    0.000    0.000    0.000    0.000    0.000    0.150    0.300    0.000    0.100    0.000    0.010    0.020    0.500    1.000    1.000    1.000    1.000    1.000    1.000    1.000 
DE38     0.000    0.000    0.000    0.000    0.000    0.000    0.000    0.000    0.000    0.000    0.000    0.000    0.000    0.000    0.000    0.000    0.000    0.000    0.000    0.000    0.000    0.000    0.000    0.000    0.000    0.000    0.000    0.000    0.000    0.000    0.000    0.000    0.000    0.000    0.000    0.350    0.350    0.000    0.000    0.000    0.010    0.020    0.500    1.000    1.000    1.000    1.000    1.000    1.000    1.000 
DE39     0.000    0.000    0.000    0.000    0.000    0.000    0.000    0.000    0.000    0.000    0.000    0.000    0.000    0.000    0.000    0.000    0.000    0.000    0.000    0.000    0.000    0.000    0.000    0.000    0.000    0.000    0.000    0.000    0.000    0.000    0.000    0.000    0.000    0.000    0.000    0.155    0.250    0.050    0.160    0.000    0.010    0.020    0.500    1.000    1.000    1.000    1.000    1.000    1.000    1.000 
DE40     0.000    0.000    0.000    0.000    0.000    0.000    0.000    0.000    0.000    0.000    0.000    0.000    0.000    0.000    0.000    0.000    0.000    0.000    0.000    0.000    0.000    0.000    0.000    0.000    0.000    0.000    0.000    0.000    0.000    0.000    0.000    0.000    0.000    0.000    0.000    0.150    0.300    0.120    0.140    0.050    0.010    0.020    0.500    1.000    1.000    1.000    1.000    1.000    1.000    1.000 
DE41     0.000    0.000    0.000    0.000    0.000    0.000    0.000    0.000    0.000    0.000    0.000    0.000    0.000    0.000    0.000    0.000    0.000    0.000    0.000    0.000    0.000    0.000    0.000    0.000    0.000    0.000    0.000    0.000    0.000    0.000    0.000    0.000    0.000    0.000    0.000    0.350    0.350    0.000    0.100    0.000    0.010    0.020    0.500    1.000    1.000    1.000    1.000    1.000    1.000    1.000 
DE42     0.000    0.000    0.000    0.000    0.000    0.000    0.000    0.000    0.000    0.000    0.000    0.000    0.000    0.000    0.000    0.000    0.000    0.000    0.000    0.000    0.000    0.000    0.000    0.000    0.000    0.000    0.000    0.000    0.000    0.000    0.000    0.000    0.000    0.000    0.000    0.000    0.450    0.000    0.130    0.000    0.010    0.020    0.500    1.000    1.000    1.000    1.000    1.000    1.000    1.000 
DE43     0.000    0.000    0.000    0.000    0.000    0.000    0.000    0.000    0.000    0.000    0.000    0.000    0.000    0.000    0.000    0.000    0.000    0.000    0.000    0.000    0.000    0.000    0.000    0.000    0.000    0.000    0.000    0.000    0.000    0.000    0.000    0.000    0.000    0.000    0.000    0.200    0.250    0.050    0.110    0.000    0.010    0.020    0.500    1.000    1.000    1.000    1.000    1.000    1.000    1.000 
DE44     0.000    0.000    0.000    0.000    0.000    0.000    0.000    0.000    0.000    0.000    0.000    0.000    0.000    0.000    0.000    0.000    0.000    0.000    0.000    0.000    0.000    0.000    0.000    0.000    0.000    0.000    0.000    0.000    0.000    0.000    0.000    0.000    0.000    0.000    0.000    0.200    0.350    0.000    0.000    0.000    0.010    0.020    0.500    1.000    1.000    1.000    1.000    1.000    1.000    1.000 
DE45     0.000    0.000    0.000    0.000    0.000    0.000    0.000    0.000    0.000    0.000    0.000    0.000    0.000    0.000    0.000    0.000    0.000    0.000    0.000    0.000    0.000    0.000    0.000    0.000    0.000    0.000    0.000    0.000    0.000    0.000    0.000    0.000    0.000    0.000    0.000    0.200    0.250    1.000    0.100    0.000    0.010    0.020    0.500    1.000    1.000    1.000    1.000    1.000    1.000    1.000 
DE46     0.000    0.000    0.000    0.000    0.000    0.000    0.000    0.000    0.000    0.000    0.000    0.000    0.000    0.000    0.000    0.000    0.000    0.000    0.000    0.000    0.000    0.000    0.000    0.000    0.000    0.000    0.000    0.000    0.000    0.000    0.000    0.000    0.000    0.000    0.000    0.200    0.250    0.050    0.100    0.000    0.010    0.020    0.500    1.000    1.000    1.000    1.000    1.000    1.000    1.000 
DE47     0.000    0.000    0.000    0.000    0.000    0.000    0.000    0.000    0.000    0.000    0.000    0.000    0.000    0.000    0.000    0.000    0.000    0.000    0.000    0.000    0.000    0.000    0.000    0.000    0.000    0.000    0.000    0.000    0.000    0.000    0.000    0.000    0.000    0.000    0.000    0.200    0.250    0.000    0.100    0.000    0.010    0.020    0.500    1.000    1.000    1.000    1.000    1.000    1.000    1.000 
DE48     0.000    0.000    0.000    0.000    0.000    0.000    0.000    0.000    0.000    0.000    0.000    0.000    0.000    0.000    0.000    0.000    0.000    0.000    0.000    0.000    0.000    0.000    0.000    0.000    0.000    0.000    0.000    0.000    0.000    0.000    0.000    0.000    0.000    0.000    0.000    0.200    0.250    0.000    0.100    0.000    0.010    0.020    0.500    1.000    1.000    1.000    1.000    1.000    1.000    1.000 
DE49     0.000    0.000    0.000    0.000    0.000    0.000    0.000    0.000    0.000    0.000    0.000    0.000    0.000    0.000    0.000    0.000    0.000    0.000    0.000    0.000    0.000    0.000    0.000    0.000    0.000    0.000    0.000    0.000    0.000    0.000    0.000    0.000    0.000    0.000    0.000    0.200    0.250    0.000    0.110    0.000    0.010    0.020    0.500    1.000    1.000    1.000    1.000    1.000    1.000    1.000 
DE50     0.000    0.000    0.000    0.000    0.000    0.000    0.000    0.000    0.000    0.000    0.000    0.000    0.000    0.000    0.000    0.000    0.000    0.000    0.000    0.000    0.000    0.000    0.000    0.000    0.000    0.000    0.000    0.000    0.000    0.000    0.000    0.000    0.000    0.000    0.000    0.200    0.250    0.000    0.150    0.000    0.010    0.020    0.500    1.000    1.000    1.000    1.000    1.000    1.000    1.000 
;

param numi_lb: NU01 NU02 NU03 NU04 NU05 NU06 NU07 NU08 NU09 NU10 NU11 NU12 NU13 NU14 :=
MI01     0.000    0.000    0.000    0.000    0.000    0.000    0.000    0.000    0.000    0.000    0.000    0.000    0.000    0.000 
MI02     0.000    0.000    0.000    0.000    0.000    0.000    0.000    0.000    0.000    0.000    0.000    0.000    0.000    0.000 
MI03     0.000    0.000    0.000    0.000    0.000    0.000    0.000    0.000    0.000    0.000    0.000    0.000    0.000    0.000 
MI04     0.000    0.000    0.000    0.000    0.000    0.000    0.000    0.000    0.000    0.000    0.000    0.000    0.000    0.000 
MI05     0.000    0.000    0.000    0.000    0.000    0.000    0.000    0.000    0.000    0.000    0.000    0.000    0.000    0.000 
MI06     0.000    0.000    0.000    0.000    0.000    0.000    0.000    0.000    0.000    0.000    0.000    0.000    0.000    0.000 
MI07     0.000    0.000    0.000    0.000    0.000    0.000    0.000    0.000    0.000    0.000    0.000    0.000    0.000    0.000 
;

param numi_ub: NU01 NU02 NU03 NU04 NU05 NU06 NU07 NU08 NU09 NU10 NU11 NU12 NU13 NU14 :=
MI01    50.000   15.000   35.000    5.000    5.000   30.000    5.000    6.000    5.000 100000.000   92.000   10.000  100.000    2.000 
MI02    50.000   15.000   35.000    5.000    5.000   30.000    5.000    6.000    5.000 100000.000   92.000   10.000  100.000    2.000 
MI03    50.000   15.000   35.000    5.000    5.000   30.000    5.000    6.000    5.000 100000.000   92.000   10.000  100.000    2.000 
MI04    50.000   15.000   35.000    5.000    5.000   30.000    5.000    6.000    5.000 100000.000   92.000   10.000  100.000    2.000 
MI05    50.000   15.000   35.000    5.000    5.000   30.000    5.000    6.000    5.000 100000.000   92.000   10.000  100.000    2.000 
MI06    50.000   15.000   35.000    5.000    5.000   30.000    5.000    6.000    5.000 100000.000   92.000   10.000  100.000    2.000 
MI07    50.000   15.000   35.000    5.000    5.000   30.000    5.000    6.000    5.000 100000.000   92.000   10.000  100.000    2.000 
;
