set NU :=  NU01 NU02 NU03 NU04 NU05 NU06 NU07 NU08 NU09 NU10 NU11 NU12 NU13 NU14;
set RM :=  RM01 RM02 RM03 RM04 RM05 RM06 RM07 RM08 RM09 RM10 RM11 RM12 RM13 RM14 RM15 RM16 RM17 RM18 RM19 RM20 RM21 RM22 RM23 RM24 RM25 RM26 RM27 RM28 RM29 RM30 RM31 RM32;
set MI :=  MI01 MI02 MI03 MI04 MI05 MI06;
set DE :=  DE01 DE02 DE03 DE04 DE05 DE06 DE07 DE08 DE09 DE10 DE11 DE12 DE13 DE14 DE15 DE16 DE17 DE18 DE19 DE20 DE21 DE22 DE23 DE24 DE25 DE26 DE27 DE28 DE29 DE30 DE31 DE32;

param nuinrm(tr): RM01 RM02 RM03 RM04 RM05 RM06 RM07 RM08 RM09 RM10 RM11 RM12 RM13 RM14 RM15 RM16 RM17 RM18 RM19 RM20 RM21 RM22 RM23 RM24 RM25 RM26 RM27 RM28 RM29 RM30 RM31 RM32 :=
NU01       7.97300    21.91400    13.64800    29.50000     8.35600     7.50000    18.48800    25.98800     8.50000    11.37500    18.41800    15.60300    38.94900    46.77700    47.54700    18.25800     0.20000     0.00000     0.00000     0.00000   284.94000     0.00000     0.00000     7.50000     7.50000     0.00000     0.00000     0.00000    21.91400    18.25800     0.00000     7.50000
NU02       2.83900    14.95600     2.45000     5.50000     2.31400     3.00000     2.20000     7.92100     1.00000     1.85500     4.00000     2.92000     4.44300     0.83000     1.58500    38.93000     0.50000     0.00000     0.00000     0.00000     0.00000    96.00000    96.00000     0.10000     0.10000     0.00000     0.00000     0.00000    14.95600    38.93000    96.00000     0.10000
NU03       2.00000    29.00000    10.00000    12.00000     3.10000     0.70000     7.00000    10.16600    60.00000    35.52300     6.98100     8.81700    12.50000     5.87900     3.57400     1.75000     0.73000     0.00000     0.00000     0.00000     0.00000     0.00000     0.00000     0.00000     0.00000     0.00000     0.00000     0.00000    29.00000     1.75000     0.00000     0.00000
NU04       0.04000     0.14000     1.71000     0.35000     0.01000     0.03000     0.16000     0.09000     0.25000     0.50000     0.07000     0.12000     0.17000     0.50000     0.40000     0.14000     5.30000    38.99600    21.39800     0.00000     0.00000     0.00000     0.00000     0.70000     0.70000     0.00000     0.00000     0.00000     0.14000     0.14000     0.00000     0.70000
NU05       0.26000     0.68000     0.60000     0.46000     0.22000     0.16000     0.81000     0.85000     0.06000     0.10600     0.67000     1.00000     1.10000     0.54000     0.65000     0.30000     0.01000     0.04000    18.59800     0.00000     0.00000     0.00000     0.00000     0.08000     0.08000     0.00000     0.00000     0.00000     0.68000     0.30000     0.00000     0.08000
NU06       0.00000     0.00000     0.00000     0.00000     0.00000     0.00000     0.00000     0.00000     0.00000     0.00000     0.00000     0.00000     0.00000     0.00000     0.00000     0.00000     0.00000     0.00000     0.00000     0.00000     0.00000     0.00000     0.00000     0.00000     0.00000     0.00000     0.00000   100.00000     0.00000     0.00000     0.00000     0.00000
NU07       0.13000     0.24000     0.25000     0.30000     0.13000     0.00000     0.22000     0.35000     0.08000     0.18000     0.23000     0.25000     0.40000     0.29000     0.43000     0.18000     6.30000     0.00000     0.80000     0.00000     0.00000     0.00000     0.00000     0.40000     0.40000     0.00000    21.99600     0.00000     0.24000     0.18000     0.00000     0.40000
NU08       0.00000     0.00000     1.75000     0.00000     0.00000     0.00000     0.00000     0.00000     0.00000     0.00000     0.00000     0.00000     0.00000     0.00000     0.00000     0.00000     0.00000     0.00000     0.00000     0.00000   284.94000     0.00000     0.00000     0.00000     0.00000     0.00000     0.00000     0.00000     0.00000     0.00000     0.00000     0.00000
NU09       0.11000     0.32000     0.40000     0.15000     0.11000     0.00000     0.30000     0.30000     0.09000     0.20000     0.29000     0.40000     0.46000     0.26000     0.27000     0.12000     0.00000     0.90000     0.85000     0.00000     0.00000     0.00000     0.00000     0.30000     0.30000    52.00000    11.00000    10.40000     0.32000     0.12000     0.00000     0.30000
NU10     139.17000   139.70000   102.98000   116.69000   135.43000   151.38000   111.38000   121.14000    29.49600   108.62000   130.58000   110.47000   126.70000   141.75000   146.27000   251.32000    39.38700     0.00000     0.00000     0.00000     0.00000   403.50000   403.50000   100.03000   100.03000     0.00000     0.00000     0.00000   139.70000   251.32000   403.50000   100.03000
NU11      68.39800    90.00000    97.09000    81.00000    57.69900    82.50000    43.09800    69.79700    99.19900    81.38300   101.80000    94.89800    85.55100    84.46500    83.09000    90.00000   370.19000    90.69900   127.40000   157.70000   308.88000    90.00000    90.00000    90.00000   187.10000     0.00000     0.00000   129.36000    90.00000    90.00000    90.00000    90.00000
NU12     100.00000     0.00000     0.00000     0.00000    94.00000   100.00000     0.00000     0.00000     0.00000     0.00000     0.00000     0.00000     0.00000     0.00000     0.00000     0.00000     0.00000     0.00000     0.00000     0.00000     0.00000     0.00000     0.00000     0.00000     0.00000     0.00000     0.00000     0.00000     0.00000     0.00000     0.00000     0.00000
NU13       0.00000     0.00000     0.00000     0.00000     0.00000     0.00000     0.00000     0.00000     0.00000     0.00000     0.00000     0.00000     0.00000     0.00000     0.00000     0.00000     0.00000     0.00000     0.00000   100.00000     0.00000     0.00000     0.00000     0.00000     0.00000     0.00000     0.00000     0.00000     0.00000     0.00000     0.00000     0.00000
NU14       0.00000     0.00000     0.00000     0.00000     0.00000     0.00000     0.00000     0.00000     0.00000     0.00000     0.00000     0.00000     0.00000     0.00000     0.00000     0.00000     0.00000     0.00000     0.00000     0.00000   100.00000     0.00000     0.00000     0.00000     0.00000     0.00000     0.00000     0.00000     0.00000     0.00000     0.00000     0.00000
;

param specs_ub: NU01 NU02 NU03 NU04 NU05 NU06 NU07 NU08 NU09 NU10 NU11 NU12 NU13 NU14 :=
DE01    29.00000     5.50000     7.00000     1.54980     0.72498   100.00000     0.42000     3.00000     0.79999   131.19920   110.00000   100.00000     1.30000   100.00000  
DE02    29.00000   100.00000    15.50000     1.54980     0.72498   100.00000     0.42000     3.00000     0.79999   126.19920   110.00000   100.00000     1.30000   100.00000  
DE03    25.00000   100.00000    25.50000     1.25000     0.56250   100.00000     0.42000     0.00000     0.79999   121.29690   110.00000   100.00000     1.30000     1.00000  
DE04    27.00000   100.00000    25.50000     1.34985     0.56250   100.00000     0.42000     0.50000     0.79999   123.69920   110.00000   100.00000     1.30000     0.00000  
DE05    24.59766   100.00000    25.50000     1.50977     0.71249   100.00000     0.42000     0.50000     0.79999   125.00000   110.00000   100.00000     1.30000     0.00000  
DE06    25.00000     5.50000     8.00000     1.34985     0.68748   100.00000     0.42000     0.50000     0.79999   125.00000   110.00000   100.00000     1.30000     0.00000  
DE07    28.69922     5.50000    15.50000     1.54980     0.72498   100.00000     0.42000     0.50000     0.79999   133.59770   110.00000   100.00000     1.30000     0.00000  
DE08    27.00000   100.00000    18.00000     1.64990     0.74999   100.00000     0.35999     2.84985  999984.00000   138.59770   110.00000   100.00000     1.30000   100.00000  
DE09    29.00000   100.00000    18.00000     1.75000     0.74999   100.00000     0.35999     2.84985  999984.00000   138.59770   110.00000   100.00000     1.30000   100.00000  
DE10    24.94922   100.00000    12.50000     1.25000     0.56250   100.00000     0.42000     0.50000     0.79999   125.00000   110.00000   100.00000     1.30000     0.00000  
DE11    24.94922     5.50000    12.50000     1.25000     0.68748   100.00000     0.42000     0.50000     0.79999   127.39840   110.00000   100.00000     1.30000     0.00000  
DE12    25.00000     5.19995    25.50000     1.34985     0.72498   100.00000     0.42000     0.50000     0.79999   133.59770   110.00000   100.00000     1.30000     0.00000  
DE13    25.00000     5.50000    12.50000     1.34985     0.72498   100.00000     0.42000     0.50000     0.79999   131.19920   110.00000   100.00000     1.30000     0.00000  
DE14    25.00000     5.50000    12.50000     1.34985     0.72498   100.00000     0.42000     0.50000     0.79999   133.59770   110.00000   100.00000     1.30000     0.00000  
DE15    23.00000   100.00000    25.50000     1.25000     0.72498   100.00000     0.35999     0.50000     0.79999   133.59770   110.00000   100.00000     1.30000     0.00000  
DE16    24.89844     5.50000    25.50000     1.34985     0.72498   100.00000     0.42000     0.50000     0.79999   133.59770   110.00000   100.00000     1.30000     0.00000  
DE17    27.00000   100.00000    25.50000     1.44995     0.68748   100.00000     0.42000     0.50000     0.79999   133.59770   110.00000   100.00000     1.30000     0.00000  
DE18    26.79688     5.19995    25.50000     1.44995     0.72498   100.00000     0.42000     0.50000     0.79999   131.19920   110.00000   100.00000     1.30000     0.00000  
DE19    27.00000   100.00000    25.50000     1.34985     0.56250   100.00000     0.42000     3.00000     0.79999   123.69920   110.00000   100.00000     1.30000   100.00000  
DE20    25.00000   100.00000    25.50000     1.25000     0.56250   100.00000     0.42000     3.00000     0.79999   123.69920   110.00000   100.00000     1.30000   100.00000  
DE21    25.00000   100.00000    25.50000     1.25000     0.56250   100.00000     0.42000     0.50000     0.79999   123.69920   110.00000   100.00000     1.30000     0.00000  
DE22    23.00000   100.00000    25.50000     1.25000     0.56250   100.00000     0.35999     3.00000     0.79999   123.69920   110.00000   100.00000     1.30000   100.00000  
DE23    23.00000   100.00000    25.50000     1.54980     0.68748   100.00000     0.42000     0.50000     0.79999   123.69920   110.00000   100.00000     1.30000     0.00000  
DE24    26.89844   100.00000    25.50000     1.34985     0.56250   100.00000     0.42000     0.50000     0.79999   123.69920   110.00000   100.00000     1.30000     0.00000  
DE25    27.00000   100.00000    25.50000     1.34985     0.56250   100.00000     0.42000     0.50000     0.79999   123.69920   110.00000   100.00000     1.30000     0.00000  
DE26    25.00000   100.00000    15.50000     1.64990     0.68748   100.00000     0.42000     0.50000     0.79999   125.29690   110.00000   100.00000     1.30000     0.00000  
DE27    26.69922   100.00000    15.50000     1.44995     0.68748   100.00000     0.42000     0.50000     0.79999   126.09770   110.00000   100.00000     1.30000     0.00000  
DE28    24.79688   100.00000    18.50000     1.25000     0.56250   100.00000     0.42000     0.50000     0.79999   127.00000   110.00000   100.00000     1.30000     0.00000  
DE29    25.00000     5.50000    12.50000     1.34985     0.72498   100.00000     0.42000     0.50000     0.79999   131.19920   110.00000   100.00000     1.30000     0.00000  
DE30    26.69922   100.00000    15.50000     1.44995     0.68748   100.00000     0.42000     0.50000     0.79999   126.09770   110.00000   100.00000     1.30000     0.00000  
DE31    25.00000   100.00000    25.50000     1.25000     0.56250   100.00000     0.42000     3.00000     0.79999   123.69920   110.00000   100.00000     1.30000   100.00000  
DE32    27.00000   100.00000    15.50000     1.54980     0.68748   100.00000     0.42000     0.50000     0.79999   126.09770   110.00000   100.00000     1.30000     0.00000  
;

param specs_lb: NU01 NU02 NU03 NU04 NU05 NU06 NU07 NU08 NU09 NU10 NU11 NU12 NU13 NU14 :=
DE01    24.00000     2.79980     0.00000     1.29980     0.57999     1.49994     0.28000     0.00000     0.29999   121.19920    90.00000     0.00000     1.30000     0.00000  
DE02    24.00000     3.25000    10.00000     1.29980     0.57999     0.00000     0.28000     0.00000     0.29999   116.19920    90.00000     3.00000     1.30000     0.00000  
DE03    20.00000     2.79980    12.50000     1.00000     0.45000     1.37482     0.28000     0.00000     0.29999   111.29690    90.00000     0.00000     1.30000     0.00000  
DE04    22.00000     2.79980    12.50000     1.09985     0.45000     1.37482     0.28000     0.00000     0.29999   113.69920    90.00000     0.00000     1.30000     0.00000  
DE05    19.59766     1.29980     0.00000     1.25977     0.56999     0.00000     0.28000     0.00000     0.29999   115.00000    90.00000    10.50000     1.30000     0.00000  
DE06    20.00000     2.29980     0.00000     1.09985     0.54999     1.37482     0.28000     0.00000     0.29999   115.00000    90.00000     0.00000     1.30000     0.00000  
DE07    23.69922     3.79980     9.50000     1.29980     0.57999     0.00000     0.28000     0.00000     0.29999   123.59770    90.00000     8.50000     1.30000     0.00000  
DE08    22.00000     5.00000    12.00000     1.39990     0.59999     1.49994     0.21999     0.00000     0.29999   128.59770    90.00000     0.00000     1.30000     0.00000  
DE09    24.00000     5.00000    12.00000     1.50000     0.59999     1.49994     0.21999     0.00000     0.29999   128.59770    90.00000     0.00000     1.30000     0.00000  
DE10    19.94922     1.79980     0.00000     1.00000     0.45000     0.00000     0.28000     0.00000     0.29999   115.00000    90.00000     7.50000     1.30000     0.00000  
DE11    19.94922     2.29980     0.00000     1.00000     0.54999     0.00000     0.28000     0.00000     0.29999   117.39840    90.00000     0.00000     1.30000     0.00000  
DE12    20.00000     1.79980    10.00000     1.09985     0.57999     0.00000     0.28000     0.00000     0.29999   123.59770    90.00000     4.00000     1.30000     0.00000  
DE13    20.00000     2.29980     0.00000     1.09985     0.57999     1.49878     0.28000     0.00000     0.29999   121.19920    90.00000    12.50000     1.30000     0.00000  
DE14    20.00000     3.00000     0.00000     1.09985     0.57999     0.00000     0.28000     0.00000     0.29999   123.59770    90.00000     0.00000     1.30000     0.00000  
DE15    18.00000     1.79980    10.00000     1.00000     0.57999     0.00000     0.21999     0.00000     0.29999   123.59770    90.00000     0.00000     1.30000     0.00000  
DE16    19.89844     3.79980     9.00000     1.09985     0.57999     0.00000     0.26999     0.00000     0.29999   123.59770    90.00000     7.50000     1.30000     0.00000  
DE17    22.00000     1.79980    10.00000     1.19995     0.54999     0.00000     0.28000     0.00000     0.29999   123.59770    90.00000     7.00000     1.30000     0.00000  
DE18    21.79688     1.79980    10.50000     1.19995     0.57999     1.49878     0.28000     0.00000     0.29999   121.19920    90.00000     0.00000     1.30000     0.00000  
DE19    22.00000     2.79980    12.50000     1.09985     0.45000     0.00000     0.28000     0.00000     0.29999   113.69920    90.00000     0.00000     1.30000     0.00000  
DE20    20.00000     2.79980    12.50000     1.00000     0.45000     0.00000     0.28000     0.00000     0.29999   113.69920    90.00000     0.00000     1.30000     0.00000  
DE21    20.00000     2.79980    11.00000     1.00000     0.45000     0.00000     0.28000     0.00000     0.29999   113.69920    90.00000     0.00000     1.30000     0.00000  
DE22    18.00000     2.79980    12.50000     1.00000     0.45000     0.00000     0.21999     0.00000     0.29999   113.69920    90.00000     0.00000     1.30000     0.00000  
DE23    18.00000     2.79980    12.50000     1.29980     0.54999     0.00000     0.28000     0.00000     0.29999   113.69920    90.00000     0.00000     1.30000     0.00000  
DE24    21.89844     2.79980    11.50000     1.09985     0.45000     0.00000     0.28000     0.00000     0.29999   113.69920    90.00000     0.00000     1.30000     0.00000  
DE25    22.00000     2.79980    11.50000     1.09985     0.45000     0.74989     0.28000     0.00000     0.29999   113.69920    90.00000     0.00000     1.30000     0.00000  
DE26    20.00000     2.79980     5.50000     1.39990     0.54999     0.00000     0.21999     0.00000     0.29999   115.29690    90.00000     0.00000     1.30000     0.00000  
DE27    21.69922     2.79980     5.50000     1.19995     0.54999     0.00000     0.23999     0.00000     0.29999   116.09770    90.00000     0.00000     1.30000     0.00000  
DE28    19.79688     2.79980     0.00000     1.00000     0.45000     0.00000     0.28000     0.00000     0.29999   117.00000    90.00000     7.50000     1.30000     0.00000  
DE29    20.00000     2.29980     0.00000     1.09985     0.57999     1.49878     0.28000     0.00000     0.29999   121.19920    90.00000    12.50000     1.30000     0.00000  
DE30    21.69922     2.79980     5.50000     1.19995     0.54999     0.00000     0.23999     0.00000     0.29999   116.09770    90.00000     0.00000     1.30000     0.00000  
DE31    20.00000     2.79980    12.50000     1.00000     0.45000     0.74989     0.28000     0.00000     0.29999   113.69920    90.00000     0.00000     1.30000     0.00000  
DE32    22.00000     2.79980     5.50000     1.29980     0.54999     0.00000     0.23999     0.00000     0.29999   116.09770    90.00000     0.00000     1.30000     0.00000  
;

param: tons :=
DE01    38.00000
DE02    25.00000
DE03    37.00000
DE04    25.00000
DE05    25.00000
DE06    25.00000
DE07    25.00000
DE08    48.00000
DE09    25.00000
DE10    33.00000
DE11    25.00000
DE12    25.00000
DE13    25.00000
DE14   175.00000
DE15    50.00000
DE16   411.00000
DE17    94.00000
DE18    43.00000
DE19    41.00000
DE20   312.00000
DE21    43.00000
DE22    25.00000
DE23    56.00000
DE24    57.00000
DE25    25.00000
DE26    25.00000
DE27    25.00000
DE28    54.00000
DE29    47.00000
DE30    25.00000
DE31    33.00000
DE32    25.00000
;

param: RMcost :=
RM01    96.91000
RM02   143.35000
RM03    66.00000
RM04    84.00000
RM05    78.96000
RM06   111.00000
RM07    86.00000
RM08   116.00000
RM09    45.00000
RM10    73.00000
RM11   120.00000
RM12    82.00000
RM13   123.00000
RM14   145.00000
RM15   162.50000
RM16   301.81000
RM17   600.00000
RM18    24.00000
RM19   260.00000
RM20    60.00000
RM21   195.00000
RM22   256.28000
RM23   256.28000
RM24    76.38000
RM25    76.38000
RM26   200.00000
RM27   206.00000
RM28   232.00000
RM29   143.35000
RM30   301.81000
RM31   256.28000
RM32    76.38000
;

param mu_lb: RM01 RM02 RM03 RM04 RM05 RM06 RM07 RM08 RM09 RM10 RM11 RM12 RM13 RM14 RM15 RM16 RM17 RM18 RM19 RM20 RM21 RM22 RM23 RM24 RM25 RM26 RM27 RM28 RM29 RM30 RM31 RM32 MI01 MI02 MI03 MI04 MI05 MI06 :=
MI01     0.00000    0.00000    0.00000    0.00000    0.00000    0.00000    0.00000    0.00000    0.00000    0.00000    0.00000    0.00000    0.00000    0.00000    0.00000    0.00000    0.00000    0.00000    0.00000    0.00000    0.00000    0.00000    0.00000    0.00000    0.00000    0.00000    0.00000    0.00000    0.00000    0.00000    0.00000    0.00000    0.00000    0.00000    0.00000    0.00000    0.00000    0.00000 
MI02     0.00000    0.00000    0.00000    0.00000    0.00000    0.00000    0.00000    0.00000    0.00000    0.00000    0.00000    0.00000    0.00000    0.00000    0.00000    0.00000    0.00000    0.00000    0.00000    0.00000    0.00000    0.00000    0.00000    0.00000    0.00000    0.00000    0.00000    0.00000    0.00000    0.00000    0.00000    0.00000    0.00000    0.00000    0.00000    0.00000    0.00000    0.00000 
MI03     0.00000    0.00000    0.00000    0.00000    0.00000    0.00000    0.00000    0.00000    0.00000    0.00000    0.00000    0.00000    0.00000    0.00000    0.00000    0.00000    0.00000    0.00000    0.00000    0.00000    0.00000    0.00000    0.00000    0.00000    0.00000    0.00000    0.00000    0.00000    0.00000    0.00000    0.00000    0.00000    0.00000    0.00000    0.00000    0.00000    0.00000    0.00000 
MI04     0.00000    0.00000    0.00000    0.00000    0.00000    0.00000    0.00000    0.00000    0.00000    0.00000    0.00000    0.00000    0.00000    0.00000    0.00000    0.00000    0.00000    0.00000    0.00000    0.00000    0.00000    0.00000    0.00000    0.00000    0.00000    0.00000    0.00000    0.00000    0.00000    0.00000    0.00000    0.00000    0.00000    0.00000    0.00000    0.00000    0.00000    0.00000 
MI05     0.00000    0.00000    0.00000    0.00000    0.00000    0.00000    0.00000    0.00000    0.00000    0.00000    0.00000    0.00000    0.00000    0.00000    0.00000    0.00000    0.00000    0.00000    0.00000    0.00000    0.00000    0.00000    0.00000    0.00000    0.00000    0.00000    0.00000    0.00000    0.00000    0.00000    0.00000    0.00000    0.00000    0.00000    0.00000    0.00000    0.00000    0.00000 
MI06     0.00000    0.00000    0.00000    0.00000    0.00000    0.00000    0.00000    0.00000    0.00000    0.00000    0.00000    0.00000    0.00000    0.00000    0.00000    0.00000    0.00000    0.00000    0.00000    0.00000    0.00000    0.00000    0.00000    0.00000    0.00000    0.00000    0.00000    0.00000    0.00000    0.00000    0.00000    0.00000    0.00000    0.00000    0.00000    0.00000    0.00000    0.00000 
;

param mu_ub: RM01 RM02 RM03 RM04 RM05 RM06 RM07 RM08 RM09 RM10 RM11 RM12 RM13 RM14 RM15 RM16 RM17 RM18 RM19 RM20 RM21 RM22 RM23 RM24 RM25 RM26 RM27 RM28 RM29 RM30 RM31 RM32 MI01 MI02 MI03 MI04 MI05 MI06 :=
MI01     0.75000    0.00000    0.07010    0.05000    0.12500    0.05000    0.08000    0.20000    0.05000    0.75000    0.10000    0.70000    0.15867    0.25027    0.75000    0.00000    0.02000    0.75000    0.75000    0.07500    0.05000    0.02000    0.00000    0.00000    0.05000    0.75000    0.01000    0.75000    0.00000    0.00000    0.00000    0.00000    0.00000    0.00000    0.00000    0.00000    0.00000    0.00000 
MI02     0.75000    0.00000    0.07010    0.05000    0.12500    0.05000    0.08000    0.20000    0.05000    0.75000    0.10000    0.70000    0.15867    0.25027    0.75000    0.00000    0.02000    0.75000    0.75000    0.07500    0.05000    0.02000    0.00000    0.00000    0.05000    0.75000    0.01000    0.75000    0.00000    0.00000    0.00000    0.00000    0.00000    0.00000    0.00000    0.00000    0.00000    0.00000 
MI03     0.75000    0.00000    0.07010    0.05000    0.12500    0.05000    0.08000    0.20000    0.05000    0.75000    0.10000    0.70000    0.15867    0.25027    0.75000    0.00000    0.02000    0.75000    0.75000    0.07500    0.05000    0.02000    0.00000    0.00000    0.05000    0.75000    0.01000    0.75000    0.00000    0.00000    0.00000    0.00000    0.00000    0.00000    0.00000    0.00000    0.00000    0.00000 
MI04     0.75000    0.00000    0.07010    0.05000    0.12500    0.05000    0.08000    0.20000    0.05000    0.75000    0.10000    0.70000    0.15867    0.25027    0.75000    0.00000    0.02000    0.75000    0.75000    0.07500    0.05000    0.02000    0.00000    0.00000    0.05000    0.75000    0.01000    0.75000    0.00000    0.00000    0.00000    0.00000    0.00000    0.00000    0.00000    0.00000    0.00000    0.00000 
MI05     0.75000    0.00000    0.07010    0.05000    0.12500    0.05000    0.08000    0.20000    0.05000    0.75000    0.10000    0.70000    0.15867    0.25027    0.75000    0.00000    0.02000    0.75000    0.75000    0.07500    0.05000    0.02000    0.00000    0.00000    0.05000    0.75000    0.01000    0.75000    0.00000    0.00000    0.00000    0.00000    0.00000    0.00000    0.00000    0.00000    0.00000    0.00000 
MI06     0.75000    0.00000    0.07010    0.05000    0.12500    0.05000    0.08000    0.20000    0.05000    0.75000    0.10000    0.70000    0.15867    0.25027    0.75000    0.00000    0.02000    0.75000    0.75000    0.07500    0.05000    0.02000    0.00000    0.00000    0.05000    0.75000    0.01000    0.75000    0.00000    0.00000    0.00000    0.00000    0.00000    0.00000    0.00000    0.00000    0.00000    0.00000 
;

param lam_lb: RM01 RM02 RM03 RM04 RM05 RM06 RM07 RM08 RM09 RM10 RM11 RM12 RM13 RM14 RM15 RM16 RM17 RM18 RM19 RM20 RM21 RM22 RM23 RM24 RM25 RM26 RM27 RM28 RM29 RM30 RM31 RM32 MI01 MI02 MI03 MI04 MI05 MI06 :=
DE01     0.00000    0.00000    0.00000    0.00000    0.00000    0.00000    0.00000    0.00000    0.00000    0.00000    0.00000    0.00000    0.00000    0.00000    0.00000    0.00000    0.00000    0.00000    0.00000    0.00000    0.00000    0.00000    0.00000    0.00000    0.00000    0.00000    0.00000    0.00000    0.00000    0.00000    0.00500    0.01000    0.00000    0.00000    0.00000    0.00000    0.00000    0.00000 
DE02     0.00000    0.00000    0.00000    0.00000    0.00000    0.00000    0.00000    0.00000    0.00000    0.00000    0.00000    0.00000    0.00000    0.00000    0.00000    0.00000    0.00000    0.00000    0.00000    0.00000    0.00000    0.00000    0.00000    0.00000    0.00000    0.00000    0.00000    0.00000    0.00000    0.00000    0.00500    0.01000    0.00000    0.00000    0.00000    0.00000    0.00000    0.00000 
DE03     0.00000    0.00000    0.00000    0.00000    0.00000    0.00000    0.00000    0.00000    0.00000    0.00000    0.00000    0.00000    0.00000    0.00000    0.00000    0.00000    0.00000    0.00000    0.00000    0.00000    0.00000    0.00000    0.00000    0.00000    0.00000    0.00000    0.00000    0.00000    0.00000    0.00000    0.00500    0.01000    0.00000    0.00000    0.00000    0.00000    0.00000    0.00000 
DE04     0.00000    0.00000    0.00000    0.00000    0.00000    0.00000    0.00000    0.00000    0.00000    0.00000    0.00000    0.00000    0.00000    0.00000    0.00000    0.00000    0.00000    0.00000    0.00000    0.00000    0.00000    0.00000    0.00000    0.00000    0.00000    0.00000    0.00000    0.00000    0.00000    0.00000    0.00500    0.01000    0.00000    0.00000    0.00000    0.00000    0.00000    0.00000 
DE05     0.00000    0.00000    0.00000    0.00000    0.00000    0.00000    0.00000    0.00000    0.00000    0.00000    0.00000    0.00000    0.00000    0.00000    0.00000    0.00000    0.00000    0.00000    0.00000    0.00000    0.00000    0.00000    0.00000    0.00000    0.00000    0.00000    0.00000    0.00000    0.00000    0.00000    0.00500    0.01000    0.00000    0.00000    0.00000    0.00000    0.00000    0.00000 
DE06     0.00000    0.00000    0.00000    0.00000    0.00000    0.00000    0.00000    0.00000    0.00000    0.00000    0.00000    0.00000    0.00000    0.00000    0.00000    0.00000    0.00000    0.00000    0.00000    0.00000    0.00000    0.00000    0.00000    0.00000    0.00000    0.00000    0.00000    0.00000    0.00000    0.00000    0.00500    0.01000    0.00000    0.00000    0.00000    0.00000    0.00000    0.00000 
DE07     0.00000    0.00000    0.00000    0.00000    0.00000    0.00000    0.00000    0.00000    0.00000    0.00000    0.00000    0.00000    0.00000    0.00000    0.00000    0.00000    0.00000    0.00000    0.00000    0.00000    0.00000    0.00000    0.00000    0.00000    0.00000    0.00000    0.00000    0.00000    0.00000    0.00000    0.00500    0.01000    0.00000    0.00000    0.00000    0.00000    0.00000    0.00000 
DE08     0.00000    0.00000    0.00000    0.00000    0.00000    0.00000    0.00000    0.00000    0.00000    0.00000    0.00000    0.00000    0.00000    0.00000    0.00000    0.00000    0.00000    0.00000    0.00000    0.00000    0.00000    0.00000    0.00000    0.00000    0.00000    0.00000    0.00000    0.00000    0.00000    0.10000    0.00500    0.01000    0.00000    0.00000    0.00000    0.00000    0.00000    0.00000 
DE09     0.00000    0.00000    0.00000    0.00000    0.00000    0.00000    0.00000    0.00000    0.00000    0.00000    0.00000    0.00000    0.00000    0.00000    0.00000    0.00000    0.00000    0.00000    0.00000    0.00000    0.00000    0.00000    0.00000    0.00000    0.00000    0.00000    0.00000    0.00000    0.00000    0.10000    0.00500    0.01000    0.00000    0.00000    0.00000    0.00000    0.00000    0.00000 
DE10     0.00000    0.00000    0.00000    0.00000    0.00000    0.00000    0.00000    0.00000    0.00000    0.00000    0.00000    0.00000    0.00000    0.00000    0.00000    0.00000    0.00000    0.00000    0.00000    0.00000    0.00000    0.00000    0.00000    0.00000    0.00000    0.00000    0.00000    0.00000    0.00000    0.00000    0.00500    0.01000    0.00000    0.00000    0.00000    0.00000    0.00000    0.00000 
DE11     0.00000    0.00000    0.00000    0.00000    0.00000    0.00000    0.00000    0.00000    0.00000    0.00000    0.00000    0.00000    0.00000    0.00000    0.00000    0.00000    0.00000    0.00000    0.00000    0.00000    0.00000    0.00000    0.00000    0.00000    0.00000    0.00000    0.00000    0.00000    0.00000    0.00000    0.00500    0.01000    0.00000    0.00000    0.00000    0.00000    0.00000    0.00000 
DE12     0.00000    0.00000    0.00000    0.00000    0.00000    0.00000    0.00000    0.00000    0.00000    0.00000    0.00000    0.00000    0.00000    0.00000    0.00000    0.00000    0.00000    0.00000    0.00000    0.00000    0.00000    0.00000    0.00000    0.00000    0.00000    0.00000    0.00000    0.00000    0.00000    0.00000    0.00500    0.01000    0.00000    0.00000    0.00000    0.00000    0.00000    0.00000 
DE13     0.00000    0.00000    0.00000    0.00000    0.00000    0.00000    0.00000    0.00000    0.00000    0.00000    0.00000    0.00000    0.00000    0.00000    0.00000    0.00000    0.00000    0.00000    0.00000    0.00000    0.00000    0.00000    0.00000    0.00000    0.00000    0.00000    0.00000    0.00000    0.00000    0.00000    0.00500    0.01000    0.00000    0.00000    0.00000    0.00000    0.00000    0.00000 
DE14     0.00000    0.00000    0.00000    0.00000    0.00000    0.00000    0.00000    0.00000    0.00000    0.00000    0.00000    0.00000    0.00000    0.00000    0.00000    0.00000    0.00000    0.00000    0.00000    0.00000    0.00000    0.00000    0.00000    0.00000    0.00000    0.00000    0.00000    0.00000    0.00000    0.00000    0.00500    0.01000    0.00000    0.00000    0.00000    0.00000    0.00000    0.00000 
DE15     0.00000    0.00000    0.00000    0.00000    0.00000    0.00000    0.00000    0.00000    0.00000    0.00000    0.00000    0.00000    0.00000    0.00000    0.00000    0.00000    0.00000    0.00000    0.00000    0.00000    0.00000    0.00000    0.00000    0.00000    0.00000    0.00000    0.00000    0.00000    0.00000    0.00000    0.00500    0.01000    0.00000    0.00000    0.00000    0.00000    0.00000    0.00000 
DE16     0.00000    0.00000    0.00000    0.00000    0.00000    0.00000    0.00000    0.00000    0.00000    0.00000    0.00000    0.00000    0.00000    0.00000    0.00000    0.00000    0.00000    0.00000    0.00000    0.00000    0.00000    0.00000    0.00000    0.00000    0.00000    0.00000    0.00000    0.00000    0.00000    0.00000    0.00500    0.01000    0.00000    0.00000    0.00000    0.00000    0.00000    0.00000 
DE17     0.00000    0.00000    0.00000    0.00000    0.00000    0.00000    0.00000    0.00000    0.00000    0.00000    0.00000    0.00000    0.00000    0.00000    0.00000    0.00000    0.00000    0.00000    0.00000    0.00000    0.00000    0.00000    0.00000    0.00000    0.00000    0.00000    0.00000    0.00000    0.00000    0.00000    0.00500    0.01000    0.00000    0.00000    0.00000    0.00000    0.00000    0.00000 
DE18     0.00000    0.00000    0.00000    0.00000    0.00000    0.00000    0.00000    0.00000    0.00000    0.00000    0.00000    0.00000    0.00000    0.00000    0.00000    0.00000    0.00000    0.00000    0.00000    0.00000    0.00000    0.00000    0.00000    0.00000    0.00000    0.00000    0.00000    0.00000    0.00000    0.00000    0.00500    0.01000    0.00000    0.00000    0.00000    0.00000    0.00000    0.00000 
DE19     0.00000    0.00000    0.00000    0.00000    0.00000    0.00000    0.00000    0.00000    0.00000    0.00000    0.00000    0.00000    0.00000    0.00000    0.00000    0.00000    0.00000    0.00000    0.00000    0.00000    0.00000    0.00000    0.00000    0.00000    0.00000    0.00000    0.00000    0.00000    0.00000    0.00000    0.00500    0.01000    0.00000    0.00000    0.00000    0.00000    0.00000    0.00000 
DE20     0.00000    0.00000    0.00000    0.00000    0.00000    0.00000    0.00000    0.00000    0.00000    0.00000    0.00000    0.00000    0.00000    0.00000    0.00000    0.00000    0.00000    0.00000    0.00000    0.00000    0.00000    0.00000    0.00000    0.00000    0.00000    0.00000    0.00000    0.00000    0.00000    0.00000    0.00500    0.01000    0.00000    0.00000    0.00000    0.00000    0.00000    0.00000 
DE21     0.00000    0.00000    0.00000    0.00000    0.00000    0.00000    0.00000    0.00000    0.00000    0.00000    0.00000    0.00000    0.00000    0.00000    0.00000    0.00000    0.00000    0.00000    0.00000    0.00000    0.00000    0.00000    0.00000    0.00000    0.00000    0.00000    0.00000    0.00000    0.00000    0.00000    0.00500    0.01000    0.00000    0.00000    0.00000    0.00000    0.00000    0.00000 
DE22     0.00000    0.00000    0.00000    0.00000    0.00000    0.00000    0.00000    0.00000    0.00000    0.00000    0.00000    0.00000    0.00000    0.00000    0.00000    0.00000    0.00000    0.00000    0.00000    0.00000    0.00000    0.00000    0.00000    0.00000    0.00000    0.00000    0.00000    0.00000    0.00000    0.00000    0.00500    0.01000    0.00000    0.00000    0.00000    0.00000    0.00000    0.00000 
DE23     0.00000    0.00000    0.00000    0.00000    0.00000    0.00000    0.00000    0.00000    0.00000    0.00000    0.00000    0.00000    0.00000    0.00000    0.00000    0.00000    0.00000    0.00000    0.00000    0.00000    0.00000    0.00000    0.00000    0.00000    0.00000    0.00000    0.00000    0.00000    0.00000    0.00000    0.00500    0.01000    0.00000    0.00000    0.00000    0.00000    0.00000    0.00000 
DE24     0.00000    0.00000    0.00000    0.00000    0.00000    0.00000    0.00000    0.00000    0.00000    0.00000    0.00000    0.00000    0.00000    0.00000    0.00000    0.00000    0.00000    0.00000    0.00000    0.00000    0.00000    0.00000    0.00000    0.00000    0.00000    0.00000    0.00000    0.00000    0.00000    0.00000    0.00500    0.01000    0.00000    0.00000    0.00000    0.00000    0.00000    0.00000 
DE25     0.00000    0.00000    0.00000    0.00000    0.00000    0.00000    0.00000    0.00000    0.00000    0.00000    0.00000    0.00000    0.00000    0.00000    0.00000    0.00000    0.00000    0.00000    0.00000    0.00000    0.00000    0.00000    0.00000    0.00000    0.00000    0.00000    0.00000    0.00000    0.00000    0.00000    0.00500    0.01000    0.00000    0.00000    0.00000    0.00000    0.00000    0.00000 
DE26     0.00000    0.00000    0.00000    0.00000    0.00000    0.00000    0.00000    0.00000    0.00000    0.00000    0.00000    0.00000    0.00000    0.00000    0.00000    0.00000    0.00000    0.00000    0.00000    0.00000    0.00000    0.00000    0.00000    0.00000    0.00000    0.00000    0.00000    0.00000    0.00000    0.00000    0.00500    0.01000    0.00000    0.00000    0.00000    0.00000    0.00000    0.00000 
DE27     0.00000    0.00000    0.00000    0.00000    0.00000    0.00000    0.00000    0.00000    0.00000    0.00000    0.00000    0.00000    0.00000    0.00000    0.00000    0.00000    0.00000    0.00000    0.00000    0.00000    0.00000    0.00000    0.00000    0.00000    0.00000    0.00000    0.00000    0.00000    0.00000    0.00000    0.00500    0.01000    0.00000    0.00000    0.00000    0.00000    0.00000    0.00000 
DE28     0.00000    0.00000    0.00000    0.00000    0.00000    0.00000    0.00000    0.00000    0.00000    0.00000    0.00000    0.00000    0.00000    0.00000    0.00000    0.00000    0.00000    0.00000    0.00000    0.00000    0.00000    0.00000    0.00000    0.00000    0.00000    0.00000    0.00000    0.00000    0.00000    0.00000    0.00500    0.01000    0.00000    0.00000    0.00000    0.00000    0.00000    0.00000 
DE29     0.00000    0.00000    0.00000    0.00000    0.00000    0.00000    0.00000    0.00000    0.00000    0.00000    0.00000    0.00000    0.00000    0.00000    0.00000    0.00000    0.00000    0.00000    0.00000    0.00000    0.00000    0.00000    0.00000    0.00000    0.00000    0.00000    0.00000    0.00000    0.00000    0.00000    0.00500    0.01000    0.00000    0.00000    0.00000    0.00000    0.00000    0.00000 
DE30     0.00000    0.00000    0.00000    0.00000    0.00000    0.00000    0.00000    0.00000    0.00000    0.00000    0.00000    0.00000    0.00000    0.00000    0.00000    0.00000    0.00000    0.00000    0.00000    0.00000    0.00000    0.00000    0.00000    0.00000    0.00000    0.00000    0.00000    0.00000    0.06000    0.00000    0.00500    0.01000    0.00000    0.00000    0.00000    0.00000    0.00000    0.00000 
DE31     0.00000    0.00000    0.00000    0.00000    0.00000    0.00000    0.00000    0.00000    0.00000    0.00000    0.00000    0.00000    0.00000    0.00000    0.00000    0.00000    0.00000    0.00000    0.00000    0.00000    0.00000    0.00000    0.00000    0.00000    0.00000    0.00000    0.00000    0.00000    0.00000    0.00000    0.00500    0.01000    0.00000    0.00000    0.00000    0.00000    0.00000    0.00000 
DE32     0.00000    0.00000    0.00000    0.00000    0.00000    0.00000    0.00000    0.00000    0.00000    0.00000    0.00000    0.00000    0.00000    0.00000    0.00000    0.00000    0.00000    0.00000    0.00000    0.00000    0.00000    0.00000    0.00000    0.00000    0.00000    0.00000    0.00000    0.00000    0.00000    0.00000    0.00500    0.01000    0.00000    0.00000    0.00000    0.00000    0.00000    0.00000 
;

param lam_ub: RM01 RM02 RM03 RM04 RM05 RM06 RM07 RM08 RM09 RM10 RM11 RM12 RM13 RM14 RM15 RM16 RM17 RM18 RM19 RM20 RM21 RM22 RM23 RM24 RM25 RM26 RM27 RM28 RM29 RM30 RM31 RM32 MI01 MI02 MI03 MI04 MI05 MI06 :=
DE01     0.00000    0.00000    0.00000    0.00000    0.00000    0.00000    0.00000    0.00000    0.00000    0.00000    0.00000    0.00000    0.00000    0.00000    0.00000    0.00000    0.00000    0.00000    0.00000    0.00000    0.00000    0.00000    0.00000    0.00000    0.00000    0.00000    0.00000    0.00000    0.00000    0.00000    0.01000    0.02000    1.00000    1.00000    1.00000    1.00000    1.00000    1.00000 
DE02     0.00000    0.00000    0.00000    0.00000    0.00000    0.00000    0.00000    0.00000    0.00000    0.00000    0.00000    0.00000    0.00000    0.00000    0.00000    0.00000    0.00000    0.00000    0.00000    0.00000    0.00000    0.00000    0.00000    0.00000    0.00000    0.00000    0.00000    0.00000    0.00000    0.00000    0.01000    0.02000    1.00000    1.00000    1.00000    1.00000    1.00000    1.00000 
DE03     0.00000    0.00000    0.00000    0.00000    0.00000    0.00000    0.00000    0.00000    0.00000    0.00000    0.00000    0.00000    0.00000    0.00000    0.00000    0.00000    0.00000    0.00000    0.00000    0.00000    0.00000    0.00000    0.00000    0.00000    0.00000    0.00000    0.00000    0.00000    0.00000    0.00000    0.01000    0.02000    1.00000    1.00000    1.00000    1.00000    1.00000    1.00000 
DE04     0.00000    0.00000    0.00000    0.00000    0.00000    0.00000    0.00000    0.00000    0.00000    0.00000    0.00000    0.00000    0.00000    0.00000    0.00000    0.00000    0.00000    0.00000    0.00000    0.00000    0.00000    0.00000    0.00000    0.00000    0.00000    0.00000    0.00000    0.00000    0.00000    0.00000    0.01000    0.02000    1.00000    1.00000    1.00000    1.00000    1.00000    1.00000 
DE05     0.00000    0.00000    0.00000    0.00000    0.00000    0.00000    0.00000    0.00000    0.00000    0.00000    0.00000    0.00000    0.00000    0.00000    0.00000    0.00000    0.00000    0.00000    0.00000    0.00000    0.00000    0.00000    0.00000    0.00000    0.00000    0.00000    0.00000    0.00000    0.00000    0.00000    0.01000    0.02000    1.00000    1.00000    1.00000    1.00000    1.00000    1.00000 
DE06     0.00000    0.00000    0.00000    0.00000    0.00000    0.00000    0.00000    0.00000    0.00000    0.00000    0.00000    0.00000    0.00000    0.00000    0.00000    0.00000    0.00000    0.00000    0.00000    0.00000    0.00000    0.00000    0.00000    0.00000    0.00000    0.00000    0.00000    0.00000    0.00000    0.00000    0.01000    0.02000    1.00000    1.00000    1.00000    1.00000    1.00000    1.00000 
DE07     0.00000    0.00000    0.00000    0.00000    0.00000    0.00000    0.00000    0.00000    0.00000    0.00000    0.00000    0.00000    0.00000    0.00000    0.00000    0.00000    0.00000    0.00000    0.00000    0.00000    0.00000    0.00000    0.00000    0.00000    0.00000    0.00000    0.00000    0.00000    0.00000    0.00000    0.01000    0.02000    1.00000    1.00000    1.00000    1.00000    1.00000    1.00000 
DE08     0.00000    0.00000    0.00000    0.00000    0.00000    0.00000    0.00000    0.00000    0.00000    0.00000    0.00000    0.00000    0.00000    0.00000    0.00000    0.00000    0.00000    0.00000    0.00000    0.00000    0.00000    0.00000    0.00000    0.00000    0.00000    0.00000    0.00000    0.00000    0.00000    0.50000    0.01000    0.02000    1.00000    1.00000    1.00000    1.00000    1.00000    1.00000 
DE09     0.00000    0.00000    0.00000    0.00000    0.00000    0.00000    0.00000    0.00000    0.00000    0.00000    0.00000    0.00000    0.00000    0.00000    0.00000    0.00000    0.00000    0.00000    0.00000    0.00000    0.00000    0.00000    0.00000    0.00000    0.00000    0.00000    0.00000    0.00000    0.00000    0.50000    0.01000    0.02000    1.00000    1.00000    1.00000    1.00000    1.00000    1.00000 
DE10     0.00000    0.00000    0.00000    0.00000    0.00000    0.00000    0.00000    0.00000    0.00000    0.00000    0.00000    0.00000    0.00000    0.00000    0.00000    0.00000    0.00000    0.00000    0.00000    0.00000    0.00000    0.00000    0.00000    0.00000    0.00000    0.00000    0.00000    0.00000    0.00000    0.00000    0.01000    0.02000    1.00000    1.00000    1.00000    1.00000    1.00000    1.00000 
DE11     0.00000    0.00000    0.00000    0.00000    0.00000    0.00000    0.00000    0.00000    0.00000    0.00000    0.00000    0.00000    0.00000    0.00000    0.00000    0.00000    0.00000    0.00000    0.00000    0.00000    0.00000    0.00000    0.00000    0.00000    0.00000    0.00000    0.00000    0.00000    0.00000    0.00000    0.01000    0.02000    1.00000    1.00000    1.00000    1.00000    1.00000    1.00000 
DE12     0.00000    0.00000    0.00000    0.00000    0.00000    0.00000    0.00000    0.00000    0.00000    0.00000    0.00000    0.00000    0.00000    0.00000    0.00000    0.00000    0.00000    0.00000    0.00000    0.00000    0.00000    0.00000    0.00000    0.00000    0.00000    0.00000    0.00000    0.00000    0.00000    0.00000    0.01000    0.02000    1.00000    1.00000    1.00000    1.00000    1.00000    1.00000 
DE13     0.00000    0.00000    0.00000    0.00000    0.00000    0.00000    0.00000    0.00000    0.00000    0.00000    0.00000    0.00000    0.00000    0.00000    0.00000    0.00000    0.00000    0.00000    0.00000    0.00000    0.00000    0.00000    0.00000    0.00000    0.00000    0.00000    0.00000    0.00000    0.00000    0.00000    0.01000    0.02000    1.00000    1.00000    1.00000    1.00000    1.00000    1.00000 
DE14     0.00000    0.00000    0.00000    0.00000    0.00000    0.00000    0.00000    0.00000    0.00000    0.00000    0.00000    0.00000    0.00000    0.00000    0.00000    0.00000    0.00000    0.00000    0.00000    0.00000    0.00000    0.00000    0.00000    0.00000    0.00000    0.00000    0.00000    0.00000    0.00000    0.00000    0.01000    0.02000    1.00000    1.00000    1.00000    1.00000    1.00000    1.00000 
DE15     0.00000    0.00000    0.00000    0.00000    0.00000    0.00000    0.00000    0.00000    0.00000    0.00000    0.00000    0.00000    0.00000    0.00000    0.00000    0.00000    0.00000    0.00000    0.00000    0.00000    0.00000    0.00000    0.00000    0.00000    0.00000    0.00000    0.00000    0.00000    0.00000    0.00000    0.01000    0.02000    1.00000    1.00000    1.00000    1.00000    1.00000    1.00000 
DE16     0.00000    0.00000    0.00000    0.00000    0.00000    0.00000    0.00000    0.00000    0.00000    0.00000    0.00000    0.00000    0.00000    0.00000    0.00000    0.00000    0.00000    0.00000    0.00000    0.00000    0.00000    0.00000    0.00000    0.00000    0.00000    0.00000    0.00000    0.00000    0.00000    0.00000    0.01000    0.02000    1.00000    1.00000    1.00000    1.00000    1.00000    1.00000 
DE17     0.00000    0.00000    0.00000    0.00000    0.00000    0.00000    0.00000    0.00000    0.00000    0.00000    0.00000    0.00000    0.00000    0.00000    0.00000    0.00000    0.00000    0.00000    0.00000    0.00000    0.00000    0.00000    0.00000    0.00000    0.00000    0.00000    0.00000    0.00000    0.00000    0.00000    0.01000    0.02000    1.00000    1.00000    1.00000    1.00000    1.00000    1.00000 
DE18     0.00000    0.00000    0.00000    0.00000    0.00000    0.00000    0.00000    0.00000    0.00000    0.00000    0.00000    0.00000    0.00000    0.00000    0.00000    0.00000    0.00000    0.00000    0.00000    0.00000    0.00000    0.00000    0.00000    0.00000    0.00000    0.00000    0.00000    0.00000    0.00000    0.00000    0.01000    0.02000    1.00000    1.00000    1.00000    1.00000    1.00000    1.00000 
DE19     0.00000    0.00000    0.00000    0.00000    0.00000    0.00000    0.00000    0.00000    0.00000    0.00000    0.00000    0.00000    0.00000    0.00000    0.00000    0.00000    0.00000    0.00000    0.00000    0.00000    0.00000    0.00000    0.00000    0.00000    0.00000    0.00000    0.00000    0.00000    0.00000    0.00000    0.01000    0.02000    1.00000    1.00000    1.00000    1.00000    1.00000    1.00000 
DE20     0.00000    0.00000    0.00000    0.00000    0.00000    0.00000    0.00000    0.00000    0.00000    0.00000    0.00000    0.00000    0.00000    0.00000    0.00000    0.00000    0.00000    0.00000    0.00000    0.00000    0.00000    0.00000    0.00000    0.00000    0.00000    0.00000    0.00000    0.00000    0.00000    0.00000    0.01000    0.02000    1.00000    1.00000    1.00000    1.00000    1.00000    1.00000 
DE21     0.00000    0.00000    0.00000    0.00000    0.00000    0.00000    0.00000    0.00000    0.00000    0.00000    0.00000    0.00000    0.00000    0.00000    0.00000    0.00000    0.00000    0.00000    0.00000    0.00000    0.00000    0.00000    0.00000    0.00000    0.00000    0.00000    0.00000    0.00000    0.00000    0.00000    0.01000    0.02000    1.00000    1.00000    1.00000    1.00000    1.00000    1.00000 
DE22     0.00000    0.00000    0.00000    0.00000    0.00000    0.00000    0.00000    0.00000    0.00000    0.00000    0.00000    0.00000    0.00000    0.00000    0.00000    0.00000    0.00000    0.00000    0.00000    0.00000    0.00000    0.00000    0.00000    0.00000    0.00000    0.00000    0.00000    0.00000    0.00000    0.00000    0.01000    0.02000    1.00000    1.00000    1.00000    1.00000    1.00000    1.00000 
DE23     0.00000    0.00000    0.00000    0.00000    0.00000    0.00000    0.00000    0.00000    0.00000    0.00000    0.00000    0.00000    0.00000    0.00000    0.00000    0.00000    0.00000    0.00000    0.00000    0.00000    0.00000    0.00000    0.00000    0.00000    0.00000    0.00000    0.00000    0.00000    0.00000    0.00000    0.01000    0.02000    1.00000    1.00000    1.00000    1.00000    1.00000    1.00000 
DE24     0.00000    0.00000    0.00000    0.00000    0.00000    0.00000    0.00000    0.00000    0.00000    0.00000    0.00000    0.00000    0.00000    0.00000    0.00000    0.00000    0.00000    0.00000    0.00000    0.00000    0.00000    0.00000    0.00000    0.00000    0.00000    0.00000    0.00000    0.00000    0.00000    0.00000    0.01000    0.02000    1.00000    1.00000    1.00000    1.00000    1.00000    1.00000 
DE25     0.00000    0.00000    0.00000    0.00000    0.00000    0.00000    0.00000    0.00000    0.00000    0.00000    0.00000    0.00000    0.00000    0.00000    0.00000    0.00000    0.00000    0.00000    0.00000    0.00000    0.00000    0.00000    0.00000    0.00000    0.00000    0.00000    0.00000    0.00000    0.00000    0.00000    0.01000    0.02000    1.00000    1.00000    1.00000    1.00000    1.00000    1.00000 
DE26     0.00000    0.00000    0.00000    0.00000    0.00000    0.00000    0.00000    0.00000    0.00000    0.00000    0.00000    0.00000    0.00000    0.00000    0.00000    0.00000    0.00000    0.00000    0.00000    0.00000    0.00000    0.00000    0.00000    0.00000    0.00000    0.00000    0.00000    0.00000    0.00000    0.00000    0.01000    0.02000    1.00000    1.00000    1.00000    1.00000    1.00000    1.00000 
DE27     0.00000    0.00000    0.00000    0.00000    0.00000    0.00000    0.00000    0.00000    0.00000    0.00000    0.00000    0.00000    0.00000    0.00000    0.00000    0.00000    0.00000    0.00000    0.00000    0.00000    0.00000    0.00000    0.00000    0.00000    0.00000    0.00000    0.00000    0.00000    0.00000    0.00000    0.01000    0.02000    1.00000    1.00000    1.00000    1.00000    1.00000    1.00000 
DE28     0.00000    0.00000    0.00000    0.00000    0.00000    0.00000    0.00000    0.00000    0.00000    0.00000    0.00000    0.00000    0.00000    0.00000    0.00000    0.00000    0.00000    0.00000    0.00000    0.00000    0.00000    0.00000    0.00000    0.00000    0.00000    0.00000    0.00000    0.00000    0.00000    0.00000    0.01000    0.02000    1.00000    1.00000    1.00000    1.00000    1.00000    1.00000 
DE29     0.00000    0.00000    0.00000    0.00000    0.00000    0.00000    0.00000    0.00000    0.00000    0.00000    0.00000    0.00000    0.00000    0.00000    0.00000    0.00000    0.00000    0.00000    0.00000    0.00000    0.00000    0.00000    0.00000    0.00000    0.00000    0.00000    0.00000    0.00000    0.00000    0.00000    0.01000    0.02000    1.00000    1.00000    1.00000    1.00000    1.00000    1.00000 
DE30     0.00000    0.00000    0.00000    0.00000    0.00000    0.00000    0.00000    0.00000    0.00000    0.00000    0.00000    0.00000    0.00000    0.00000    0.00000    0.00000    0.00000    0.00000    0.00000    0.00000    0.00000    0.00000    0.00000    0.00000    0.00000    0.00000    0.00000    0.00000    0.07000    0.00000    0.01000    0.02000    1.00000    1.00000    1.00000    1.00000    1.00000    1.00000 
DE31     0.00000    0.00000    0.00000    0.00000    0.00000    0.00000    0.00000    0.00000    0.00000    0.00000    0.00000    0.00000    0.00000    0.00000    0.00000    0.00000    0.00000    0.00000    0.00000    0.00000    0.00000    0.00000    0.00000    0.00000    0.00000    0.00000    0.00000    0.00000    0.00000    0.00000    0.01000    0.02000    1.00000    1.00000    1.00000    1.00000    1.00000    1.00000 
DE32     0.00000    0.00000    0.00000    0.00000    0.00000    0.00000    0.00000    0.00000    0.00000    0.00000    0.00000    0.00000    0.00000    0.00000    0.00000    0.00000    0.00000    0.00000    0.00000    0.00000    0.00000    0.00000    0.00000    0.00000    0.00000    0.00000    0.00000    0.00000    0.00000    0.00000    0.01000    0.02000    1.00000    1.00000    1.00000    1.00000    1.00000    1.00000 
;

param numi_lb: NU01 NU02 NU03 NU04 NU05 NU06 NU07 NU08 NU09 NU10 NU11 NU12 NU13 NU14 :=
MI01     0.00000    0.00000    0.00000    0.00000    0.00000    0.00000    0.00000    0.00000    0.00000    0.00000    0.00000    0.00000    0.00000    0.00000 
MI02     0.00000    0.00000    0.00000    0.00000    0.00000    0.00000    0.00000    0.00000    0.00000    0.00000    0.00000    0.00000    0.00000    0.00000 
MI03     0.00000    0.00000    0.00000    0.00000    0.00000    0.00000    0.00000    0.00000    0.00000    0.00000    0.00000    0.00000    0.00000    0.00000 
MI04     0.00000    0.00000    0.00000    0.00000    0.00000    0.00000    0.00000    0.00000    0.00000    0.00000    0.00000    0.00000    0.00000    0.00000 
MI05     0.00000    0.00000    0.00000    0.00000    0.00000    0.00000    0.00000    0.00000    0.00000    0.00000    0.00000    0.00000    0.00000    0.00000 
MI06     0.00000    0.00000    0.00000    0.00000    0.00000    0.00000    0.00000    0.00000    0.00000    0.00000    0.00000    0.00000    0.00000    0.00000 
;

param numi_ub: NU01 NU02 NU03 NU04 NU05 NU06 NU07 NU08 NU09 NU10 NU11 NU12 NU13 NU14 :=
MI01    50.00000    8.00000   50.00000    5.00000    5.00000   10.00000    5.00700    6.00000    5.00700 10000.00000   92.00000  100.00000    5.00000    2.00000 
MI02    50.00000    8.00000   50.00000    5.00000    5.00000   10.00000    5.00700    6.00000    5.00700 10000.00000   92.00000  100.00000    5.00000    2.00000 
MI03    50.00000    8.00000   50.00000    5.00000    5.00000   10.00000    5.00700    6.00000    5.00700 10000.00000   92.00000  100.00000    5.00000    2.00000 
MI04    50.00000    8.00000   50.00000    5.00000    5.00000   10.00000    5.00700    6.00000    5.00700 10000.00000   92.00000  100.00000    5.00000    2.00000 
MI05    50.00000    8.00000   50.00000    5.00000    5.00000   10.00000    5.00700    6.00000    5.00700 10000.00000   92.00000  100.00000    5.00000    2.00000 
MI06    50.00000    8.00000   50.00000    5.00000    5.00000   10.00000    5.00700    6.00000    5.00700 10000.00000   92.00000  100.00000    5.00000    2.00000 
;
