set NU :=  NU01 NU02 NU03 NU04 NU05 NU06 NU07 NU08 NU09 NU10 NU11 NU12 NU13 NU14 NU15 NU16 NU17;
set RM :=  RM01 RM02 RM03 RM04 RM05 RM06 RM07 RM08 RM09 RM10 RM11 RM12 RM13 RM14 RM15 RM16 RM17 RM18 RM19 RM20 RM21 RM22 RM23 RM24 RM25 RM26 RM27 RM28 RM29 RM30 RM31 RM32 RM33 RM34 RM35;
set MI :=  MI01 MI02 MI03 MI04 MI05 MI06 MI07;
set DE :=  DE01 DE02 DE03 DE04 DE05 DE06 DE07 DE08 DE09 DE10 DE11 DE12 DE13 DE14 DE15 DE16 DE17 DE18 DE19 DE20 DE21 DE22 DE23 DE24 DE25 DE26 DE27 DE28 DE29 DE30 DE31 DE32 DE33 DE34 DE35 DE36 DE37 DE38 DE39 DE40;

param nuinrm(tr): RM01 RM02 RM03 RM04 RM05 RM06 RM07 RM08 RM09 RM10 RM11 RM12 RM13 RM14 RM15 RM16 RM17 RM18 RM19 RM20 RM21 RM22 RM23 RM24 RM25 RM26 RM27 RM28 RM29 RM30 RM31 RM32 RM33 RM34 RM35 :=
NU01      11.500     7.224     7.224     7.224    19.785    11.418    11.725    23.645     3.300     9.504    17.883    15.524    39.363    23.648    49.148    27.996    79.176    48.988     0.200     0.000     0.000     0.000   284.938     0.000     0.000     7.500     7.500     0.000     0.000     0.000     0.000     7.224    11.418     0.000     7.500
NU02       1.800     3.100     3.100     3.100    17.359     4.800     3.667     7.746     0.500     1.230     4.000     2.730     7.124     0.150     1.320     1.000     7.850     4.080     0.500     0.000     0.000     0.000     0.000    96.000    96.000     0.100     0.100     0.000     0.000     0.000     0.000     3.100     4.800    96.000     0.100
NU03       5.500     2.000     2.000     2.000    30.266    13.000    12.000     9.457    43.000    37.172     7.298     9.564    12.500    14.885     3.637    28.000     1.500     3.421     0.730     0.000     0.000     0.000     0.000     0.000     0.000     0.000     0.000     0.000     0.000     0.000     0.000     2.000    13.000     0.000     0.000
NU04       0.060     0.040     0.040     0.040     0.140     0.100     1.710     0.090     0.100     0.500     0.070     0.120     0.170     0.700     0.400     0.400     0.500     0.413     5.300    38.000    20.398     0.000     0.000     0.000     0.000     0.700     0.700     0.000     0.000    17.390     0.000     0.040     0.100     0.000     0.700
NU05       0.300     0.260     0.260     0.260     0.680     0.300     0.630     0.850     0.050     0.090     0.670     1.000     1.100     0.170     0.650     0.950     0.300     0.670     0.010     0.000    19.000     0.000     0.000     0.000     0.000     0.080     0.080     0.000     0.000     0.000     0.000     0.260     0.300     0.000     0.080
NU06       0.000     0.000     0.000     0.000     0.000     0.000     0.000     0.000     0.000     0.000     0.000     0.000     0.000     0.000     0.000     0.000     0.000     0.000     0.000     0.000     0.000     0.000     0.000     0.000     0.000     0.000     0.000     0.000     0.000     0.000   100.000     0.000     0.000     0.000     0.000
NU07       0.150     0.130     0.130     0.130     0.240     0.230     0.000     0.350     0.090     0.180     0.230     0.250     0.400     0.100     0.430     0.150     1.700     0.656     6.300     0.000     0.800     0.000     0.000     0.000     0.000     0.400     0.400     0.000    21.996     0.020     0.000     0.130     0.230     0.000     0.400
NU08       0.000     0.000     0.000     0.000     0.000     0.000     3.000     0.000     0.000     0.000     0.000     0.000     0.000     0.000     0.000     0.000     0.000     0.000     0.000     0.000     0.000     0.000   284.938     0.000     0.000     0.000     0.000     0.000     0.000     0.000     0.000     0.000     0.000     0.000     0.000
NU09       0.120     0.110     0.110     0.110     0.320     0.190     0.000     0.300     0.050     0.200     0.290     0.400     0.460     0.230     0.270     0.500     0.040     0.278     0.000     0.900     0.800     0.000     0.000     0.000     0.000     0.300     0.300    52.000    11.000     0.900    11.960     0.110     0.190     0.000     0.300
NU10     119.492   140.656   140.656   140.656   140.566   110.754   106.145   119.059    25.738   105.301   129.000   108.949   143.477   133.109   147.598   105.027   137.535   165.199    39.387     0.000     0.000     0.000     0.000   403.500   403.500   100.031   100.031     0.000     0.000     0.000     0.000   140.656   110.754   403.500   100.031
NU11       0.000     0.000     0.000     0.000     0.000     0.000     0.000     0.000     0.000     0.000   100.000     0.000     0.000     0.000     0.000     0.000     0.000     0.000     0.000     0.000     0.000     0.000     0.000     0.000     0.000     0.000     0.000     0.000     0.000     0.000     0.000     0.000     0.000     0.000     0.000
NU12      85.500    90.000    68.398    68.398   102.898    90.000    91.348    69.797    57.598    83.688   101.797    94.898    75.398    88.297    84.070    94.500    54.500    82.594   370.188    90.699   127.398   157.699   308.875    46.457    90.000   187.098    90.000     0.000     0.000     0.000   124.508    90.000    90.000    90.000    90.000
NU13       0.000     0.000     0.000     0.000     0.000     0.000     0.000   100.000     0.000     0.000     0.000     0.000     0.000     0.000     0.000     0.000     0.000     0.000     0.000     0.000     0.000     0.000     0.000     0.000     0.000     0.000     0.000     0.000     0.000     0.000     0.000     0.000     0.000     0.000     0.000
NU14       0.000     0.000     0.000     0.000     0.000     0.000     0.000     0.000     0.000     0.000     0.000     0.000     0.000     0.000     0.000     0.000   100.000     0.000     0.000     0.000     0.000     0.000     0.000     0.000     0.000     0.000     0.000     0.000     0.000     0.000     0.000     0.000     0.000     0.000     0.000
NU15       0.000     0.000     0.000     0.000     0.000     0.000     0.000     0.000     0.000     0.000     0.000     0.000     0.000     0.000     0.000     0.000     0.000     0.000     0.000     0.000     0.000     0.000     0.000     0.000     0.000     0.000     0.000     0.000     0.000   100.000     0.000     0.000     0.000     0.000     0.000
NU16       0.000     0.000     0.000     0.000     0.000     0.000     0.000     0.000     0.000     0.000     0.000     0.000     0.000     0.000     0.000     0.000     0.000     0.000     0.000     0.000     0.000   100.000     0.000     0.000     0.000     0.000     0.000     0.000     0.000     0.000     0.000     0.000     0.000     0.000     0.000
NU17       0.000     0.000     0.000     0.000     0.000     0.000     0.000     0.000     0.000     0.000     0.000     0.000     0.000     0.000     0.000     0.000     0.000     0.000     0.000     0.000     0.000     0.000   100.000     0.000     0.000     0.000     0.000     0.000     0.000     0.000     0.000     0.000     0.000     0.000     0.000
;

param specs_ub: NU01 NU02 NU03 NU04 NU05 NU06 NU07 NU08 NU09 NU10 NU11 NU12 NU13 NU14 NU15 NU16 NU17 :=
DE01    24.797   100.000     8.000     1.350     0.725   100.000     0.420     0.500     0.600   133.598   100.000   110.000    12.010     0.500     0.224     1.000     0.000  
DE02    24.797   100.000     8.000     1.350     0.725   100.000     0.420     0.500     0.600   133.598   100.000   110.000    12.010     0.500     0.224     1.000     0.000  
DE03    24.797   100.000     7.000     1.350     0.725   100.000     0.420     0.500     0.800   133.598     3.529   110.000    10.000     2.000     0.224     1.000     0.000  
DE04    24.797   100.000     7.000     1.350     0.725   100.000     0.420     0.500     0.800   133.598   100.000   110.000     8.026     2.000     0.224     1.000     0.000  
DE05    24.797   100.000     7.000     1.350     0.725   100.000     0.420     0.500     0.800   133.598     0.092   110.000     6.166     2.000     0.224     1.000     0.000  
DE06    21.199   100.000    10.500     1.250     0.800   100.000     1.179     0.500     1.501   127.398   100.000   110.000   100.000   100.000     0.224     1.000     0.000  
DE07    24.797   100.000    25.500     1.150     0.562   100.000     0.420     0.500     0.800   118.797   100.000   110.000   100.000     3.000     0.224     1.000     0.000  
DE08    26.797   100.000    10.500     1.450     0.725   100.000     0.420     3.000     0.800   131.199    20.000   110.000     5.000   100.000     0.224     1.000   100.000  
DE09    23.098   100.000     9.500     1.050     0.562   100.000     0.360     0.500     0.800   125.000   100.000   110.000   100.000     2.500     0.224     1.000     0.000  
DE10    25.199   100.000    25.500     1.350     0.687   100.000     0.420     3.000     0.800   127.398   100.000   110.000    10.000     2.500     0.224     1.000   100.000  
DE11    24.500   100.000     8.000     1.350     0.687   100.000     0.420     0.500     0.800   127.398   100.000   110.000     5.000     4.000     0.224     1.000     0.000  
DE12    20.800   100.000     7.000     1.000     0.725   100.000     0.360     0.500     0.800   133.598   100.000   110.000     5.000     4.000     0.224     1.000     0.000  
DE13    24.598   100.000     7.000     1.350     0.725   100.000     0.420     3.000     0.800   133.598   100.000   110.000    10.000   100.000     0.224     1.000   100.000  
DE14    25.398   100.000    25.000     1.350     0.725   100.000     0.420     3.000     0.800   133.598   100.000   110.000    11.055     4.000     0.224     1.000   100.000  
DE15    25.398   100.000    25.500     1.350     0.725   100.000     0.420     3.000     0.800   131.199   100.000   110.000    13.556     4.000     0.224     1.000   100.000  
DE16    24.797   100.000    25.500     1.350     0.725   100.000     0.420     0.500     0.800   131.199     5.163   110.000    10.000   100.000     0.224     1.000     0.000  
DE17    26.797   100.000    25.500     1.450     0.725   100.000     0.420     0.500     0.800   131.199    20.000   110.000     5.000   100.000     0.224     1.000     0.000  
DE18    20.800   100.000    25.500     1.250     0.725   100.000     0.360     0.500     0.800   131.199    20.000   110.000    10.000   100.000     0.224     1.000     0.000  
DE19    22.500   100.000    25.500     1.250     0.687   100.000     0.360     0.500     0.800   125.000   100.000   110.000   100.000     1.000     0.224     1.000     0.000  
DE20    26.398   100.000    25.000     1.450     0.725   100.000     0.420     3.000     0.800   131.199   100.000   110.000     5.000     4.000     0.224     1.000   100.000  
DE21    25.098   100.000    12.000     1.150     0.562   100.000     0.420     0.500     0.800   122.898   100.000   110.000     7.500     4.000     0.224     1.000     0.000  
DE22    27.199   100.000    18.000     1.750     0.725   100.000     0.500     3.000     0.800   137.234   100.000   110.000     6.353     1.000     0.224     1.000   100.000  
DE23    25.000   100.000    10.500     1.350     0.687   100.000     0.420     3.000     0.800   133.199     5.000   110.000     3.000   100.000     0.224     1.000   100.000  
DE24    25.297   100.000    15.500     1.350     0.687   100.000     0.360     3.000     0.800   127.398   100.000   110.000    10.000   100.000     0.224     1.000   100.000  
DE25    27.098   100.000     7.500     1.500     0.725   100.000     0.420     3.000     0.800   138.297     3.178   110.000     5.000   100.000     0.224     1.000   100.000  
DE26    25.098   100.000    16.500     1.350     0.725   100.000     0.420     3.000     0.800   132.000     0.231   110.000     5.000   100.000     0.224     1.000   100.000  
DE27    25.098   100.000    16.500     1.350     0.725   100.000     0.420     3.000     0.800   132.000     0.231   110.000     5.000   100.000     0.224     1.000   100.000  
DE28    27.000   100.000    12.000     1.550     0.725   100.000     0.420     3.000     0.800   138.598   100.000   110.000     1.000     0.500     0.224     1.000   100.000  
DE29    27.098   100.000     7.500     1.500     0.725   100.000     0.420     3.000     0.800   139.297     5.000   110.000    10.000   100.000     0.224     1.000   100.000  
DE30    25.098   100.000    10.000     1.450     0.725   100.000     0.360     3.000  1000.000   140.598   100.000   110.000    10.000   100.000     0.224     1.000   100.000  
DE31    25.098   100.000    10.000     1.450     0.725   100.000     0.360     3.000  1000.000   140.598   100.000   110.000    10.000   100.000     0.224     1.000   100.000  
DE32    23.000   100.000    10.500     1.350     0.687   100.000     0.420     3.000     0.800   131.797     6.000   110.000     3.000   100.000     0.224     1.000   100.000  
DE33    24.797   100.000    20.500     1.150     0.562   100.000     0.420     4.000     0.800   117.898   100.000   110.000   100.000     4.000     0.224     1.000   100.000  
DE34    22.797   100.000    20.500     1.150     0.562   100.000     0.420     4.000     0.800   116.598   100.000   110.000   100.000     4.000     0.224     1.000   100.000  
DE35    25.098   100.000     7.500     1.450     0.725   100.000     0.360     3.000     0.700   139.297     6.000   110.000    12.000   100.000     0.224     1.000   100.000  
DE36    25.098   100.000     7.500     1.450     0.725   100.000     0.360     3.000     0.700   139.297     6.000   110.000    12.000   100.000     0.224     1.000   100.000  
DE37    27.000   100.000     8.550     1.100     0.562   100.000     0.360     0.500     0.800   131.098   100.000   110.000     5.000     2.500     0.224     1.000     0.000  
DE38    25.000   100.000    18.500     1.350     0.687   100.000     0.420     3.000     0.800   132.898    10.000   110.000     3.000     0.500     0.224     1.000   100.000  
DE39    24.797   100.000    20.500     1.150     0.562   100.000     0.420     4.000     0.800   117.098   100.000   110.000   100.000     4.000     0.224     1.000   100.000  
DE40    29.098   100.000    18.500     1.350     0.687   100.000     0.420     3.000     0.800   132.000   100.000   110.000     3.000     0.500     0.224     1.000   100.000  
;

param specs_lb: NU01 NU02 NU03 NU04 NU05 NU06 NU07 NU08 NU09 NU10 NU11 NU12 NU13 NU14 NU15 NU16 NU17 :=
DE01    19.797     3.500     0.000     1.100     0.580     0.000     0.280     0.000     0.300   123.598     0.000    90.000     0.000     0.000     0.224     0.500     0.000  
DE02    19.797     3.500     0.000     1.100     0.580     1.558     0.280     0.000     0.300   123.598     0.000    90.000     0.000     0.000     0.224     0.500     0.000  
DE03    19.797     2.800     0.000     1.100     0.580     1.558     0.280     0.000     0.300   123.598     0.000    90.000     0.000     0.000     0.224     0.500     0.000  
DE04    19.797     2.800     0.000     1.100     0.580     0.000     0.280     0.000     0.300   123.598     0.000    90.000     0.000     0.000     0.224     0.500     0.000  
DE05    19.797     2.800     0.000     1.100     0.580     0.000     0.280     0.000     0.300   123.598     0.000    90.000     0.000     0.000     0.224     0.500     0.000  
DE06    16.199     1.800     0.000     1.000     0.600     0.000     0.236     0.000     0.300   117.398     0.000    90.000     0.000     0.000     0.224     0.500     0.000  
DE07    19.797     1.500     0.000     0.900     0.450     0.000     0.280     0.000     0.300   108.797     0.000    90.000     0.000     0.000     0.224     0.500     0.000  
DE08    21.797     4.300    10.000     1.200     0.580     1.558     0.280     0.000     0.300   121.199     0.000    90.000     0.000     0.000     0.224     0.500     0.000  
DE09    18.098     1.800     0.000     0.800     0.450     0.000     0.220     0.000     0.300   115.000     0.000    90.000     0.000     0.000     0.224     0.500     0.000  
DE10    20.199     1.300    10.000     1.100     0.550     0.000     0.280     0.000     0.300   117.398     0.000    90.000     0.000     0.000     0.224     0.500     0.000  
DE11    19.500     2.300     0.000     1.100     0.550     0.000     0.280     0.000     0.300   117.398     0.000    90.000     0.000     0.500     0.224     0.500     0.000  
DE12    15.800     2.800     0.000     0.750     0.580     0.000     0.220     0.000     0.300   123.598     0.000    90.000     0.000     0.000     0.224     0.500     0.000  
DE13    19.598     2.800     0.000     1.100     0.580     0.000     0.280     0.000     0.300   123.598     0.000    90.000     0.000     0.000     0.224     0.500     0.000  
DE14    20.398     1.800    10.000     1.100     0.580     0.000     0.280     0.000     0.300   123.598     0.000    90.000     0.000     0.500     0.224     0.500     0.000  
DE15    20.398     1.800    10.000     1.100     0.580     1.558     0.280     0.000     0.300   121.199     0.000    90.000     0.000     0.000     0.224     0.500     0.000  
DE16    19.797     1.800    10.000     1.100     0.580     1.558     0.280     0.000     0.300   121.199     0.000    90.000     0.000     0.000     0.224     0.500     0.000  
DE17    21.797     1.800    10.000     1.200     0.580     1.558     0.280     0.000     0.300   121.199     0.000    90.000     0.000     0.000     0.224     0.500     0.000  
DE18    15.800     1.800    10.000     1.000     0.580     1.558     0.250     0.000     0.300   121.199     0.000    90.000     0.000     0.000     0.224     0.500     0.000  
DE19    17.500     1.300    10.000     1.000     0.550     1.428     0.220     0.000     0.200   115.000     0.000    90.000     0.000     0.000     0.224     0.500     0.000  
DE20    21.398     1.800    10.000     1.200     0.580     1.558     0.280     0.000     0.300   121.199     0.000    90.000     0.000     0.000     0.224     0.500     0.000  
DE21    20.098     1.800     0.000     0.900     0.450     0.000     0.280     0.000     0.300   112.898     0.000    90.000     0.000     0.000     0.224     0.500     0.000  
DE22    22.199     3.800    10.000     1.500     0.580     1.558     0.330     0.000     0.400   127.234     0.000    90.000     0.000     0.000     0.224     0.500     0.000  
DE23    20.000     3.800     0.000     1.100     0.550     0.000     0.280     0.000     0.300   123.199     0.000    90.000     0.000     0.000     0.224     0.500     0.000  
DE24    20.297     3.800     0.000     1.100     0.550     0.000     0.280     0.000     0.300   117.398     0.000    90.000     0.000     0.000     0.224     0.500     0.000  
DE25    22.098     4.400     0.000     1.250     0.580     1.818     0.250     0.000     0.350   128.297     0.000    90.000     0.000     0.000     0.224     0.500     0.000  
DE26    20.098     3.800    12.000     1.100     0.580     1.818     0.280     0.000     0.300   122.000     0.000    90.000     0.000     0.000     0.224     0.500     0.000  
DE27    20.098     3.800    12.000     1.100     0.580     1.818     0.280     0.000     0.300   122.000     0.000    90.000     0.000     0.000     0.224     0.500     0.000  
DE28    22.000     5.800    10.000     1.300     0.580     1.818     0.280     0.000     0.300   128.598     0.000    90.000     0.000     0.000     0.224     0.500     0.000  
DE29    22.098     4.400     0.000     1.250     0.580     1.558     0.250     0.000     0.350   129.297     0.000    90.000     0.000     0.000     0.224     0.500     0.000  
DE30    20.098     6.000     0.000     1.200     0.580     1.818     0.220     0.000     0.300   130.598     0.000    90.000     0.000     0.000     0.224     0.500     0.000  
DE31    20.098     6.000     0.000     1.200     0.580     1.818     0.220     0.000     0.300   130.598     0.000    90.000     0.000     0.000     0.224     0.500     0.000  
DE32    18.000     3.800     0.000     1.100     0.550     0.000     0.280     0.000     0.300   121.797     0.000    90.000     0.000     0.000     0.224     0.500     0.000  
DE33    19.797     1.300     5.000     0.900     0.450     0.000     0.280     0.000     0.300   107.898     0.000    90.000     0.000     0.000     0.224     0.500     0.000  
DE34    17.797     1.300     5.000     0.900     0.450     0.000     0.280     0.000     0.300   106.598     0.000    90.000     0.000     0.000     0.224     0.500     0.000  
DE35    20.098     4.400     0.000     1.200     0.580     1.558     0.220     0.000     0.300   129.297     0.000    90.000     0.000     0.000     0.224     0.500     0.000  
DE36    20.098     4.400     0.000     1.200     0.580     1.558     0.220     0.000     0.300   129.297     0.000    90.000     0.000     0.000     0.224     0.500     0.000  
DE37    22.000     2.800     0.000     0.850     0.450     0.000     0.220     0.000     0.300   121.098     0.000    90.000     0.000     0.000     0.224     0.500     0.000  
DE38    20.000     3.800    10.000     1.100     0.550     0.000     0.280     0.000     0.300   122.898     0.000    90.000     0.000     0.000     0.224     0.500     0.000  
DE39    19.797     1.300     5.000     0.900     0.450     1.299     0.280     0.000     0.300   107.098     0.000    90.000     0.000     0.000     0.224     0.500     0.000  
DE40    24.098     3.800    10.000     1.100     0.550     0.000     0.280     0.000     0.300   122.000     0.000    90.000     0.000     0.000     0.224     0.500     0.000  
;

param: tons :=
DE01    25.000
DE02    25.000
DE03   162.000
DE04   146.000
DE05    25.000
DE06   112.000
DE07   340.000
DE08    25.000
DE09   167.000
DE10   149.000
DE11   114.000
DE12    25.000
DE13    50.000
DE14    25.000
DE15    25.000
DE16    42.000
DE17    88.000
DE18    44.000
DE19   170.000
DE20    25.000
DE21    58.000
DE22    25.000
DE23   277.000
DE24    25.000
DE25    26.000
DE26   170.000
DE27    36.000
DE28   366.000
DE29    25.000
DE30    25.000
DE31    25.000
DE32    40.000
DE33    63.000
DE34   170.000
DE35    25.000
DE36   104.000
DE37    25.000
DE38   173.000
DE39    25.000
DE40    25.000
;

param: RMcost :=
RM01     0.932
RM02     0.934
RM03     0.924
RM04     0.919
RM05     1.650
RM06     1.183
RM07     0.880
RM08     1.120
RM09     0.380
RM10     0.820
RM11     0.870
RM12     0.690
RM13     1.220
RM14     0.690
RM15     1.495
RM16     1.380
RM17     1.900
RM18     2.347
RM19     6.000
RM20     0.250
RM21     2.590
RM22     0.500
RM23     1.250
RM24     2.535
RM25     2.535
RM26     0.665
RM27     0.715
RM28     2.890
RM29     2.150
RM30     1.690
RM31     2.428
RM32     0.934
RM33     1.183
RM34     2.535
RM35     0.715
;

param mu_lb: RM01 RM02 RM03 RM04 RM05 RM06 RM07 RM08 RM09 RM10 RM11 RM12 RM13 RM14 RM15 RM16 RM17 RM18 RM19 RM20 RM21 RM22 RM23 RM24 RM25 RM26 RM27 RM28 RM29 RM30 RM31 RM32 RM33 RM34 RM35 MI01 MI02 MI03 MI04 MI05 MI06 MI07 :=
MI01     0.000    0.000    0.000    0.000    0.000    0.000    0.000    0.000    0.000    0.000    0.000    0.000    0.000    0.000    0.000    0.000    0.000    0.000    0.000    0.000    0.000    0.000    0.000    0.000    0.000    0.000    0.000    0.000    0.000    0.000    0.000    0.000    0.000    0.000    0.000    0.000    0.000    0.000    0.000    0.000    0.000    0.000 
MI02     0.000    0.000    0.000    0.000    0.000    0.000    0.000    0.000    0.000    0.000    0.000    0.000    0.000    0.000    0.000    0.000    0.000    0.000    0.000    0.000    0.000    0.000    0.000    0.000    0.000    0.000    0.000    0.000    0.000    0.000    0.000    0.000    0.000    0.000    0.000    0.000    0.000    0.000    0.000    0.000    0.000    0.000 
MI03     0.000    0.000    0.000    0.000    0.000    0.000    0.000    0.000    0.000    0.000    0.000    0.000    0.000    0.000    0.000    0.000    0.000    0.000    0.000    0.000    0.000    0.000    0.000    0.000    0.000    0.000    0.000    0.000    0.000    0.000    0.000    0.000    0.000    0.000    0.000    0.000    0.000    0.000    0.000    0.000    0.000    0.000 
MI04     0.000    0.000    0.000    0.000    0.000    0.000    0.000    0.000    0.000    0.000    0.000    0.000    0.000    0.000    0.000    0.000    0.000    0.000    0.000    0.000    0.000    0.000    0.000    0.000    0.000    0.000    0.000    0.000    0.000    0.000    0.000    0.000    0.000    0.000    0.000    0.000    0.000    0.000    0.000    0.000    0.000    0.000 
MI05     0.000    0.000    0.000    0.000    0.000    0.000    0.000    0.000    0.000    0.000    0.000    0.000    0.000    0.000    0.000    0.000    0.000    0.000    0.000    0.000    0.000    0.000    0.000    0.000    0.000    0.000    0.000    0.000    0.000    0.000    0.000    0.000    0.000    0.000    0.000    0.000    0.000    0.000    0.000    0.000    0.000    0.000 
MI06     0.000    0.000    0.000    0.000    0.000    0.000    0.000    0.000    0.000    0.000    0.000    0.000    0.000    0.000    0.000    0.000    0.000    0.000    0.000    0.000    0.000    0.000    0.000    0.000    0.000    0.000    0.000    0.000    0.000    0.000    0.000    0.000    0.000    0.000    0.000    0.000    0.000    0.000    0.000    0.000    0.000    0.000 
MI07     0.000    0.000    0.000    0.000    0.000    0.000    0.000    0.000    0.000    0.000    0.000    0.000    0.000    0.000    0.000    0.000    0.000    0.000    0.000    0.000    0.000    0.000    0.000    0.000    0.000    0.000    0.000    0.000    0.000    0.000    0.000    0.000    0.000    0.000    0.000    0.000    0.000    0.000    0.000    0.000    0.000    0.000 
;

param mu_ub: RM01 RM02 RM03 RM04 RM05 RM06 RM07 RM08 RM09 RM10 RM11 RM12 RM13 RM14 RM15 RM16 RM17 RM18 RM19 RM20 RM21 RM22 RM23 RM24 RM25 RM26 RM27 RM28 RM29 RM30 RM31 RM32 RM33 RM34 RM35 MI01 MI02 MI03 MI04 MI05 MI06 MI07 :=
MI01     0.050    0.000    1.000    1.000    0.250    0.000    0.070    0.150    0.250    0.600    0.110    1.000    0.250    0.201    1.000    0.050    0.040    1.000    1.000    0.125    0.125    0.075    0.020    0.020    0.000    0.020    0.000    1.000    1.000    0.020    0.100    0.000    0.000    0.000    0.000    0.000    0.000    0.000    0.000    0.000    0.000    0.000 
MI02     0.050    0.000    1.000    1.000    0.250    0.000    0.070    0.150    0.250    0.600    0.110    1.000    0.250    0.201    1.000    0.050    0.040    1.000    1.000    0.125    0.125    0.075    0.020    0.020    0.000    0.020    0.000    1.000    1.000    0.020    0.100    0.000    0.000    0.000    0.000    0.000    0.000    0.000    0.000    0.000    0.000    0.000 
MI03     0.050    0.000    1.000    1.000    0.250    0.000    0.070    0.150    0.250    0.600    0.110    1.000    0.250    0.201    1.000    0.050    0.040    1.000    1.000    0.125    0.125    0.075    0.020    0.020    0.000    0.020    0.000    1.000    1.000    0.020    0.100    0.000    0.000    0.000    0.000    0.000    0.000    0.000    0.000    0.000    0.000    0.000 
MI04     0.050    0.000    1.000    1.000    0.250    0.000    0.070    0.150    0.250    0.600    0.110    1.000    0.250    0.201    1.000    0.050    0.040    1.000    1.000    0.125    0.125    0.075    0.020    0.020    0.000    0.020    0.000    1.000    1.000    0.020    0.100    0.000    0.000    0.000    0.000    0.000    0.000    0.000    0.000    0.000    0.000    0.000 
MI05     0.050    0.000    1.000    1.000    0.250    0.000    0.070    0.150    0.250    0.600    0.110    1.000    0.250    0.201    1.000    0.050    0.040    1.000    1.000    0.125    0.125    0.075    0.020    0.020    0.000    0.020    0.000    1.000    1.000    0.020    0.100    0.000    0.000    0.000    0.000    0.000    0.000    0.000    0.000    0.000    0.000    0.000 
MI06     0.050    0.000    1.000    1.000    0.250    0.000    0.070    0.150    0.250    0.600    0.110    1.000    0.250    0.201    1.000    0.050    0.040    1.000    1.000    0.125    0.125    0.075    0.020    0.020    0.000    0.020    0.000    1.000    1.000    0.020    0.100    0.000    0.000    0.000    0.000    0.000    0.000    0.000    0.000    0.000    0.000    0.000 
MI07     0.050    0.000    1.000    1.000    0.250    0.000    0.070    0.150    0.250    0.600    0.110    1.000    0.250    0.201    1.000    0.050    0.040    1.000    1.000    0.125    0.125    0.075    0.020    0.020    0.000    0.020    0.000    1.000    1.000    0.020    0.100    0.000    0.000    0.000    0.000    0.000    0.000    0.000    0.000    0.000    0.000    0.000 
;

param lam_lb: RM01 RM02 RM03 RM04 RM05 RM06 RM07 RM08 RM09 RM10 RM11 RM12 RM13 RM14 RM15 RM16 RM17 RM18 RM19 RM20 RM21 RM22 RM23 RM24 RM25 RM26 RM27 RM28 RM29 RM30 RM31 RM32 RM33 RM34 RM35 MI01 MI02 MI03 MI04 MI05 MI06 MI07 :=
DE01     0.000    0.000    0.000    0.000    0.000    0.000    0.000    0.000    0.000    0.000    0.000    0.000    0.000    0.000    0.000    0.000    0.000    0.000    0.000    0.000    0.000    0.000    0.000    0.000    0.000    0.000    0.000    0.000    0.000    0.000    0.000    0.000    0.000    0.005    0.010    0.000    0.000    0.000    0.000    0.000    0.000    0.000 
DE02     0.000    0.000    0.000    0.000    0.000    0.000    0.000    0.000    0.000    0.000    0.000    0.000    0.000    0.000    0.000    0.000    0.000    0.000    0.000    0.000    0.000    0.000    0.000    0.000    0.000    0.000    0.000    0.000    0.000    0.000    0.000    0.000    0.000    0.005    0.010    0.000    0.000    0.000    0.000    0.000    0.000    0.000 
DE03     0.000    0.000    0.000    0.000    0.000    0.000    0.000    0.000    0.000    0.000    0.000    0.000    0.000    0.000    0.000    0.000    0.000    0.000    0.000    0.000    0.000    0.000    0.000    0.000    0.000    0.000    0.000    0.000    0.000    0.000    0.000    0.000    0.000    0.005    0.010    0.000    0.000    0.000    0.000    0.000    0.000    0.000 
DE04     0.000    0.000    0.000    0.000    0.000    0.000    0.000    0.000    0.000    0.000    0.000    0.000    0.000    0.000    0.000    0.000    0.000    0.000    0.000    0.000    0.000    0.000    0.000    0.000    0.000    0.000    0.000    0.000    0.000    0.000    0.000    0.000    0.000    0.005    0.010    0.000    0.000    0.000    0.000    0.000    0.000    0.000 
DE05     0.000    0.000    0.000    0.000    0.000    0.000    0.000    0.000    0.000    0.000    0.000    0.000    0.000    0.000    0.000    0.000    0.000    0.000    0.000    0.000    0.000    0.000    0.000    0.000    0.000    0.000    0.000    0.000    0.000    0.000    0.000    0.000    0.000    0.005    0.010    0.000    0.000    0.000    0.000    0.000    0.000    0.000 
DE06     0.000    0.000    0.000    0.000    0.000    0.000    0.000    0.000    0.000    0.000    0.000    0.000    0.000    0.000    0.000    0.000    0.000    0.000    0.000    0.000    0.000    0.000    0.000    0.000    0.000    0.000    0.000    0.000    0.000    0.000    0.000    0.140    0.100    0.005    0.010    0.000    0.000    0.000    0.000    0.000    0.000    0.000 
DE07     0.000    0.000    0.000    0.000    0.000    0.000    0.000    0.000    0.000    0.000    0.000    0.000    0.000    0.000    0.000    0.000    0.000    0.000    0.000    0.000    0.000    0.000    0.000    0.000    0.000    0.000    0.000    0.000    0.000    0.000    0.000    0.000    0.000    0.005    0.010    0.000    0.000    0.000    0.000    0.000    0.000    0.000 
DE08     0.000    0.000    0.000    0.000    0.000    0.000    0.000    0.000    0.000    0.000    0.000    0.000    0.000    0.000    0.000    0.000    0.000    0.000    0.000    0.000    0.000    0.000    0.000    0.000    0.000    0.000    0.000    0.000    0.000    0.000    0.000    0.000    0.000    0.005    0.010    0.000    0.000    0.000    0.000    0.000    0.000    0.000 
DE09     0.000    0.000    0.000    0.000    0.000    0.000    0.000    0.000    0.000    0.000    0.000    0.000    0.000    0.000    0.000    0.000    0.000    0.000    0.000    0.000    0.000    0.000    0.000    0.000    0.000    0.000    0.000    0.000    0.000    0.000    0.000    0.182    0.000    0.005    0.010    0.000    0.000    0.000    0.000    0.000    0.000    0.000 
DE10     0.000    0.000    0.000    0.000    0.000    0.000    0.000    0.000    0.000    0.000    0.000    0.000    0.000    0.000    0.000    0.000    0.000    0.000    0.000    0.000    0.000    0.000    0.000    0.000    0.000    0.000    0.000    0.000    0.000    0.000    0.000    0.000    0.000    0.005    0.010    0.000    0.000    0.000    0.000    0.000    0.000    0.000 
DE11     0.000    0.000    0.000    0.000    0.000    0.000    0.000    0.000    0.000    0.000    0.000    0.000    0.000    0.000    0.000    0.000    0.000    0.000    0.000    0.000    0.000    0.000    0.000    0.000    0.000    0.000    0.000    0.000    0.000    0.000    0.000    0.000    0.000    0.005    0.010    0.000    0.000    0.000    0.000    0.000    0.000    0.000 
DE12     0.000    0.000    0.000    0.000    0.000    0.000    0.000    0.000    0.000    0.000    0.000    0.000    0.000    0.000    0.000    0.000    0.000    0.000    0.000    0.000    0.000    0.000    0.000    0.000    0.000    0.000    0.000    0.000    0.000    0.000    0.000    0.340    0.000    0.005    0.010    0.000    0.000    0.000    0.000    0.000    0.000    0.000 
DE13     0.000    0.000    0.000    0.000    0.000    0.000    0.000    0.000    0.000    0.000    0.000    0.000    0.000    0.000    0.000    0.000    0.000    0.000    0.000    0.000    0.000    0.000    0.000    0.000    0.000    0.000    0.000    0.000    0.000    0.000    0.000    0.000    0.000    0.005    0.010    0.000    0.000    0.000    0.000    0.000    0.000    0.000 
DE14     0.000    0.000    0.000    0.000    0.000    0.000    0.000    0.000    0.000    0.000    0.000    0.000    0.000    0.000    0.000    0.000    0.000    0.000    0.000    0.000    0.000    0.000    0.000    0.000    0.000    0.000    0.000    0.000    0.000    0.000    0.000    0.000    0.000    0.005    0.010    0.000    0.000    0.000    0.000    0.000    0.000    0.000 
DE15     0.000    0.000    0.000    0.000    0.000    0.000    0.000    0.000    0.000    0.000    0.000    0.000    0.000    0.000    0.000    0.000    0.000    0.000    0.000    0.000    0.000    0.000    0.000    0.000    0.000    0.000    0.000    0.000    0.000    0.000    0.000    0.000    0.000    0.005    0.010    0.000    0.000    0.000    0.000    0.000    0.000    0.000 
DE16     0.000    0.000    0.000    0.000    0.000    0.000    0.000    0.000    0.000    0.000    0.000    0.000    0.000    0.000    0.000    0.000    0.000    0.000    0.000    0.000    0.000    0.000    0.000    0.000    0.000    0.000    0.000    0.000    0.000    0.000    0.000    0.000    0.000    0.005    0.010    0.000    0.000    0.000    0.000    0.000    0.000    0.000 
DE17     0.000    0.000    0.000    0.000    0.000    0.000    0.000    0.000    0.000    0.000    0.000    0.000    0.000    0.000    0.000    0.000    0.000    0.000    0.000    0.000    0.000    0.000    0.000    0.000    0.000    0.000    0.000    0.000    0.000    0.000    0.000    0.000    0.000    0.005    0.010    0.000    0.000    0.000    0.000    0.000    0.000    0.000 
DE18     0.000    0.000    0.000    0.000    0.000    0.000    0.000    0.000    0.000    0.000    0.000    0.000    0.000    0.000    0.000    0.000    0.000    0.000    0.000    0.000    0.000    0.000    0.000    0.000    0.000    0.000    0.000    0.000    0.000    0.000    0.000    0.000    0.000    0.005    0.010    0.000    0.000    0.000    0.000    0.000    0.000    0.000 
DE19     0.000    0.000    0.000    0.000    0.000    0.000    0.000    0.000    0.000    0.000    0.000    0.000    0.000    0.000    0.000    0.000    0.000    0.000    0.000    0.000    0.000    0.000    0.000    0.000    0.000    0.000    0.000    0.000    0.000    0.000    0.000    0.000    0.000    0.005    0.010    0.000    0.000    0.000    0.000    0.000    0.000    0.000 
DE20     0.000    0.000    0.000    0.000    0.000    0.000    0.000    0.000    0.000    0.000    0.000    0.000    0.000    0.000    0.000    0.000    0.000    0.000    0.000    0.000    0.000    0.000    0.000    0.000    0.000    0.000    0.000    0.000    0.000    0.000    0.000    0.000    0.000    0.005    0.010    0.000    0.000    0.000    0.000    0.000    0.000    0.000 
DE21     0.000    0.000    0.000    0.000    0.000    0.000    0.000    0.000    0.000    0.000    0.000    0.000    0.000    0.000    0.000    0.000    0.000    0.000    0.000    0.000    0.000    0.000    0.000    0.000    0.000    0.000    0.000    0.000    0.000    0.000    0.000    0.000    0.000    0.005    0.010    0.000    0.000    0.000    0.000    0.000    0.000    0.000 
DE22     0.000    0.000    0.000    0.000    0.000    0.000    0.000    0.000    0.000    0.000    0.000    0.000    0.000    0.000    0.000    0.000    0.000    0.000    0.000    0.000    0.000    0.000    0.000    0.000    0.000    0.000    0.000    0.000    0.000    0.000    0.000    0.000    0.000    0.005    0.010    0.000    0.000    0.000    0.000    0.000    0.000    0.000 
DE23     0.000    0.000    0.000    0.000    0.000    0.000    0.000    0.000    0.000    0.000    0.000    0.000    0.000    0.000    0.000    0.000    0.000    0.000    0.000    0.000    0.000    0.000    0.000    0.000    0.000    0.000    0.000    0.000    0.000    0.000    0.000    0.000    0.000    0.005    0.010    0.000    0.000    0.000    0.000    0.000    0.000    0.000 
DE24     0.000    0.000    0.000    0.000    0.000    0.000    0.000    0.000    0.000    0.000    0.000    0.000    0.000    0.000    0.000    0.000    0.000    0.000    0.000    0.000    0.000    0.000    0.000    0.000    0.000    0.000    0.000    0.000    0.000    0.000    0.000    0.000    0.000    0.005    0.010    0.000    0.000    0.000    0.000    0.000    0.000    0.000 
DE25     0.000    0.000    0.000    0.000    0.000    0.000    0.000    0.000    0.000    0.000    0.000    0.000    0.000    0.000    0.000    0.000    0.000    0.000    0.000    0.000    0.000    0.000    0.000    0.000    0.000    0.000    0.000    0.000    0.000    0.000    0.000    0.250    0.000    0.005    0.010    0.000    0.000    0.000    0.000    0.000    0.000    0.000 
DE26     0.000    0.000    0.000    0.000    0.000    0.000    0.000    0.000    0.000    0.000    0.000    0.000    0.000    0.000    0.000    0.000    0.000    0.000    0.000    0.000    0.000    0.000    0.000    0.000    0.000    0.000    0.000    0.000    0.000    0.000    0.000    0.200    0.000    0.005    0.010    0.000    0.000    0.000    0.000    0.000    0.000    0.000 
DE27     0.000    0.000    0.000    0.000    0.000    0.000    0.000    0.000    0.000    0.000    0.000    0.000    0.000    0.000    0.000    0.000    0.000    0.000    0.000    0.000    0.000    0.000    0.000    0.000    0.000    0.000    0.000    0.000    0.000    0.000    0.000    0.000    0.000    0.005    0.010    0.000    0.000    0.000    0.000    0.000    0.000    0.000 
DE28     0.000    0.000    0.000    0.000    0.000    0.000    0.000    0.000    0.000    0.000    0.000    0.000    0.000    0.000    0.000    0.000    0.000    0.000    0.000    0.000    0.000    0.000    0.000    0.000    0.000    0.000    0.000    0.000    0.000    0.000    0.000    0.000    0.000    0.005    0.010    0.000    0.000    0.000    0.000    0.000    0.000    0.000 
DE29     0.000    0.000    0.000    0.000    0.000    0.000    0.000    0.000    0.000    0.000    0.000    0.000    0.000    0.000    0.000    0.000    0.000    0.000    0.000    0.000    0.000    0.000    0.000    0.000    0.000    0.000    0.000    0.000    0.000    0.000    0.000    0.000    0.000    0.005    0.010    0.000    0.000    0.000    0.000    0.000    0.000    0.000 
DE30     0.000    0.000    0.000    0.000    0.000    0.000    0.000    0.000    0.000    0.000    0.000    0.000    0.000    0.000    0.000    0.000    0.000    0.000    0.000    0.000    0.000    0.000    0.000    0.000    0.000    0.000    0.000    0.000    0.000    0.000    0.000    0.000    0.000    0.005    0.010    0.000    0.000    0.000    0.000    0.000    0.000    0.000 
DE31     0.000    0.000    0.000    0.000    0.000    0.000    0.000    0.000    0.000    0.000    0.000    0.000    0.000    0.000    0.000    0.000    0.000    0.000    0.000    0.000    0.000    0.000    0.000    0.000    0.000    0.000    0.000    0.000    0.000    0.000    0.000    0.000    0.000    0.005    0.010    0.000    0.000    0.000    0.000    0.000    0.000    0.000 
DE32     0.000    0.000    0.000    0.000    0.000    0.000    0.000    0.000    0.000    0.000    0.000    0.000    0.000    0.000    0.000    0.000    0.000    0.000    0.000    0.000    0.000    0.000    0.000    0.000    0.000    0.000    0.000    0.000    0.000    0.000    0.000    0.000    0.000    0.005    0.010    0.000    0.000    0.000    0.000    0.000    0.000    0.000 
DE33     0.000    0.000    0.000    0.000    0.000    0.000    0.000    0.000    0.000    0.000    0.000    0.000    0.000    0.000    0.000    0.000    0.000    0.000    0.000    0.000    0.000    0.000    0.000    0.000    0.000    0.000    0.000    0.000    0.000    0.000    0.000    0.000    0.000    0.005    0.010    0.000    0.000    0.000    0.000    0.000    0.000    0.000 
DE34     0.000    0.000    0.000    0.000    0.000    0.000    0.000    0.000    0.000    0.000    0.000    0.000    0.000    0.000    0.000    0.000    0.000    0.000    0.000    0.000    0.000    0.000    0.000    0.000    0.000    0.000    0.000    0.000    0.000    0.000    0.000    0.000    0.000    0.005    0.010    0.000    0.000    0.000    0.000    0.000    0.000    0.000 
DE35     0.000    0.000    0.000    0.000    0.000    0.000    0.000    0.000    0.000    0.000    0.000    0.000    0.000    0.000    0.000    0.000    0.000    0.000    0.000    0.000    0.000    0.000    0.000    0.000    0.000    0.000    0.000    0.000    0.000    0.000    0.000    0.000    0.000    0.005    0.010    0.000    0.000    0.000    0.000    0.000    0.000    0.000 
DE36     0.000    0.000    0.000    0.000    0.000    0.000    0.000    0.000    0.000    0.000    0.000    0.000    0.000    0.000    0.000    0.000    0.000    0.000    0.000    0.000    0.000    0.000    0.000    0.000    0.000    0.000    0.000    0.000    0.000    0.000    0.000    0.000    0.000    0.005    0.010    0.000    0.000    0.000    0.000    0.000    0.000    0.000 
DE37     0.000    0.000    0.000    0.000    0.000    0.000    0.000    0.000    0.000    0.000    0.000    0.000    0.000    0.000    0.000    0.000    0.000    0.000    0.000    0.000    0.000    0.000    0.000    0.000    0.000    0.000    0.000    0.000    0.000    0.000    0.000    0.200    0.000    0.005    0.010    0.000    0.000    0.000    0.000    0.000    0.000    0.000 
DE38     0.000    0.000    0.000    0.000    0.000    0.000    0.000    0.000    0.000    0.000    0.000    0.000    0.000    0.000    0.000    0.000    0.000    0.000    0.000    0.000    0.000    0.000    0.000    0.000    0.000    0.000    0.000    0.000    0.000    0.000    0.000    0.000    0.000    0.005    0.010    0.000    0.000    0.000    0.000    0.000    0.000    0.000 
DE39     0.000    0.000    0.000    0.000    0.000    0.000    0.000    0.000    0.000    0.000    0.000    0.000    0.000    0.000    0.000    0.000    0.000    0.000    0.000    0.000    0.000    0.000    0.000    0.000    0.000    0.000    0.000    0.000    0.000    0.000    0.000    0.000    0.000    0.005    0.010    0.000    0.000    0.000    0.000    0.000    0.000    0.000 
DE40     0.000    0.000    0.000    0.000    0.000    0.000    0.000    0.000    0.000    0.000    0.000    0.000    0.000    0.000    0.000    0.000    0.000    0.000    0.000    0.000    0.000    0.000    0.000    0.000    0.000    0.000    0.000    0.000    0.000    0.000    0.000    0.000    0.000    0.005    0.010    0.000    0.000    0.000    0.000    0.000    0.000    0.000 
;

param lam_ub: RM01 RM02 RM03 RM04 RM05 RM06 RM07 RM08 RM09 RM10 RM11 RM12 RM13 RM14 RM15 RM16 RM17 RM18 RM19 RM20 RM21 RM22 RM23 RM24 RM25 RM26 RM27 RM28 RM29 RM30 RM31 RM32 RM33 RM34 RM35 MI01 MI02 MI03 MI04 MI05 MI06 MI07 :=
DE01     0.000    0.000    0.000    0.000    0.000    0.000    0.000    0.000    0.000    0.000    0.000    0.000    0.000    0.000    0.000    0.000    0.000    0.000    0.000    0.000    0.000    0.000    0.000    0.000    0.000    0.000    0.000    0.000    0.000    0.000    0.000    0.000    0.000    0.010    0.020    1.000    1.000    1.000    1.000    1.000    1.000    1.000 
DE02     0.000    0.000    0.000    0.000    0.000    0.000    0.000    0.000    0.000    0.000    0.000    0.000    0.000    0.000    0.000    0.000    0.000    0.000    0.000    0.000    0.000    0.000    0.000    0.000    0.000    0.000    0.000    0.000    0.000    0.000    0.000    0.000    0.000    0.010    0.020    1.000    1.000    1.000    1.000    1.000    1.000    1.000 
DE03     0.000    0.000    0.000    0.000    0.000    0.000    0.000    0.000    0.000    0.000    0.000    0.000    0.000    0.000    0.000    0.000    0.000    0.000    0.000    0.000    0.000    0.000    0.000    0.000    0.000    0.000    0.000    0.000    0.000    0.000    0.000    0.000    0.000    0.010    0.020    1.000    1.000    1.000    1.000    1.000    1.000    1.000 
DE04     0.000    0.000    0.000    0.000    0.000    0.000    0.000    0.000    0.000    0.000    0.000    0.000    0.000    0.000    0.000    0.000    0.000    0.000    0.000    0.000    0.000    0.000    0.000    0.000    0.000    0.000    0.000    0.000    0.000    0.000    0.000    0.000    0.000    0.010    0.020    1.000    1.000    1.000    1.000    1.000    1.000    1.000 
DE05     0.000    0.000    0.000    0.000    0.000    0.000    0.000    0.000    0.000    0.000    0.000    0.000    0.000    0.000    0.000    0.000    0.000    0.000    0.000    0.000    0.000    0.000    0.000    0.000    0.000    0.000    0.000    0.000    0.000    0.000    0.000    0.000    0.000    0.010    0.020    1.000    1.000    1.000    1.000    1.000    1.000    1.000 
DE06     0.000    0.000    0.000    0.000    0.000    0.000    0.000    0.000    0.000    0.000    0.000    0.000    0.000    0.000    0.000    0.000    0.000    0.000    0.000    0.000    0.000    0.000    0.000    0.000    0.000    0.000    0.000    0.000    0.000    0.000    0.000    0.140    0.100    0.010    0.020    1.000    1.000    1.000    1.000    1.000    1.000    1.000 
DE07     0.000    0.000    0.000    0.000    0.000    0.000    0.000    0.000    0.000    0.000    0.000    0.000    0.000    0.000    0.000    0.000    0.000    0.000    0.000    0.000    0.000    0.000    0.000    0.000    0.000    0.000    0.000    0.000    0.000    0.000    0.000    0.000    0.000    0.010    0.020    1.000    1.000    1.000    1.000    1.000    1.000    1.000 
DE08     0.000    0.000    0.000    0.000    0.000    0.000    0.000    0.000    0.000    0.000    0.000    0.000    0.000    0.000    0.000    0.000    0.000    0.000    0.000    0.000    0.000    0.000    0.000    0.000    0.000    0.000    0.000    0.000    0.000    0.000    0.000    0.000    0.000    0.010    0.020    1.000    1.000    1.000    1.000    1.000    1.000    1.000 
DE09     0.000    0.000    0.000    0.000    0.000    0.000    0.000    0.000    0.000    0.000    0.000    0.000    0.000    0.000    0.000    0.000    0.000    0.000    0.000    0.000    0.000    0.000    0.000    0.000    0.000    0.000    0.000    0.000    0.000    0.000    0.000    0.183    0.000    0.010    0.020    1.000    1.000    1.000    1.000    1.000    1.000    1.000 
DE10     0.000    0.000    0.000    0.000    0.000    0.000    0.000    0.000    0.000    0.000    0.000    0.000    0.000    0.000    0.000    0.000    0.000    0.000    0.000    0.000    0.000    0.000    0.000    0.000    0.000    0.000    0.000    0.000    0.000    0.000    0.000    0.000    0.000    0.010    0.020    1.000    1.000    1.000    1.000    1.000    1.000    1.000 
DE11     0.000    0.000    0.000    0.000    0.000    0.000    0.000    0.000    0.000    0.000    0.000    0.000    0.000    0.000    0.000    0.000    0.000    0.000    0.000    0.000    0.000    0.000    0.000    0.000    0.000    0.000    0.000    0.000    0.000    0.000    0.000    0.000    0.000    0.010    0.020    1.000    1.000    1.000    1.000    1.000    1.000    1.000 
DE12     0.000    0.000    0.000    0.000    0.000    0.000    0.000    0.000    0.000    0.000    0.000    0.000    0.000    0.000    0.000    0.000    0.000    0.000    0.000    0.000    0.000    0.000    0.000    0.000    0.000    0.000    0.000    0.000    0.000    0.000    0.000    0.340    0.000    0.010    0.020    1.000    1.000    1.000    1.000    1.000    1.000    1.000 
DE13     0.000    0.000    0.000    0.000    0.000    0.000    0.000    0.000    0.000    0.000    0.000    0.000    0.000    0.000    0.000    0.000    0.000    0.000    0.000    0.000    0.000    0.000    0.000    0.000    0.000    0.000    0.000    0.000    0.000    0.000    0.000    0.000    0.000    0.010    0.020    1.000    1.000    1.000    1.000    1.000    1.000    1.000 
DE14     0.000    0.000    0.000    0.000    0.000    0.000    0.000    0.000    0.000    0.000    0.000    0.000    0.000    0.000    0.000    0.000    0.000    0.000    0.000    0.000    0.000    0.000    0.000    0.000    0.000    0.000    0.000    0.000    0.000    0.000    0.000    0.000    0.000    0.010    0.020    1.000    1.000    1.000    1.000    1.000    1.000    1.000 
DE15     0.000    0.000    0.000    0.000    0.000    0.000    0.000    0.000    0.000    0.000    0.000    0.000    0.000    0.000    0.000    0.000    0.000    0.000    0.000    0.000    0.000    0.000    0.000    0.000    0.000    0.000    0.000    0.000    0.000    0.000    0.000    0.000    0.000    0.010    0.020    1.000    1.000    1.000    1.000    1.000    1.000    1.000 
DE16     0.000    0.000    0.000    0.000    0.000    0.000    0.000    0.000    0.000    0.000    0.000    0.000    0.000    0.000    0.000    0.000    0.000    0.000    0.000    0.000    0.000    0.000    0.000    0.000    0.000    0.000    0.000    0.000    0.000    0.000    0.000    0.000    0.000    0.010    0.020    1.000    1.000    1.000    1.000    1.000    1.000    1.000 
DE17     0.000    0.000    0.000    0.000    0.000    0.000    0.000    0.000    0.000    0.000    0.000    0.000    0.000    0.000    0.000    0.000    0.000    0.000    0.000    0.000    0.000    0.000    0.000    0.000    0.000    0.000    0.000    0.000    0.000    0.000    0.000    0.000    0.000    0.010    0.020    1.000    1.000    1.000    1.000    1.000    1.000    1.000 
DE18     0.000    0.000    0.000    0.000    0.000    0.000    0.000    0.000    0.000    0.000    0.000    0.000    0.000    0.000    0.000    0.000    0.000    0.000    0.000    0.000    0.000    0.000    0.000    0.000    0.000    0.000    0.000    0.000    0.000    0.000    0.000    0.000    0.000    0.010    0.020    1.000    1.000    1.000    1.000    1.000    1.000    1.000 
DE19     0.000    0.000    0.000    0.000    0.000    0.000    0.000    0.000    0.000    0.000    0.000    0.000    0.000    0.000    0.000    0.000    0.000    0.000    0.000    0.000    0.000    0.000    0.000    0.000    0.000    0.000    0.000    0.000    0.000    0.000    0.000    0.000    0.000    0.010    0.020    1.000    1.000    1.000    1.000    1.000    1.000    1.000 
DE20     0.000    0.000    0.000    0.000    0.000    0.000    0.000    0.000    0.000    0.000    0.000    0.000    0.000    0.000    0.000    0.000    0.000    0.000    0.000    0.000    0.000    0.000    0.000    0.000    0.000    0.000    0.000    0.000    0.000    0.000    0.000    0.000    0.000    0.010    0.020    1.000    1.000    1.000    1.000    1.000    1.000    1.000 
DE21     0.000    0.000    0.000    0.000    0.000    0.000    0.000    0.000    0.000    0.000    0.000    0.000    0.000    0.000    0.000    0.000    0.000    0.000    0.000    0.000    0.000    0.000    0.000    0.000    0.000    0.000    0.000    0.000    0.000    0.000    0.000    0.000    0.000    0.010    0.020    1.000    1.000    1.000    1.000    1.000    1.000    1.000 
DE22     0.000    0.000    0.000    0.000    0.000    0.000    0.000    0.000    0.000    0.000    0.000    0.000    0.000    0.000    0.000    0.000    0.000    0.000    0.000    0.000    0.000    0.000    0.000    0.000    0.000    0.000    0.000    0.000    0.000    0.000    0.000    0.000    0.000    0.010    0.020    1.000    1.000    1.000    1.000    1.000    1.000    1.000 
DE23     0.000    0.000    0.000    0.000    0.000    0.000    0.000    0.000    0.000    0.000    0.000    0.000    0.000    0.000    0.000    0.000    0.000    0.000    0.000    0.000    0.000    0.000    0.000    0.000    0.000    0.000    0.000    0.000    0.000    0.000    0.000    0.000    0.000    0.010    0.020    1.000    1.000    1.000    1.000    1.000    1.000    1.000 
DE24     0.000    0.000    0.000    0.000    0.000    0.000    0.000    0.000    0.000    0.000    0.000    0.000    0.000    0.000    0.000    0.000    0.000    0.000    0.000    0.000    0.000    0.000    0.000    0.000    0.000    0.000    0.000    0.000    0.000    0.000    0.000    0.000    0.000    0.010    0.020    1.000    1.000    1.000    1.000    1.000    1.000    1.000 
DE25     0.000    0.000    0.000    0.000    0.000    0.000    0.000    0.000    0.000    0.000    0.000    0.000    0.000    0.000    0.000    0.000    0.000    0.000    0.000    0.000    0.000    0.000    0.000    0.000    0.000    0.000    0.000    0.000    0.000    0.000    0.000    0.250    0.000    0.010    0.020    1.000    1.000    1.000    1.000    1.000    1.000    1.000 
DE26     0.000    0.000    0.000    0.000    0.000    0.000    0.000    0.000    0.000    0.000    0.000    0.000    0.000    0.000    0.000    0.000    0.000    0.000    0.000    0.000    0.000    0.000    0.000    0.000    0.000    0.000    0.000    0.000    0.000    0.000    0.000    0.200    0.000    0.010    0.020    1.000    1.000    1.000    1.000    1.000    1.000    1.000 
DE27     0.000    0.000    0.000    0.000    0.000    0.000    0.000    0.000    0.000    0.000    0.000    0.000    0.000    0.000    0.000    0.000    0.000    0.000    0.000    0.000    0.000    0.000    0.000    0.000    0.000    0.000    0.000    0.000    0.000    0.000    0.000    0.000    0.000    0.010    0.020    1.000    1.000    1.000    1.000    1.000    1.000    1.000 
DE28     0.000    0.000    0.000    0.000    0.000    0.000    0.000    0.000    0.000    0.000    0.000    0.000    0.000    0.000    0.000    0.000    0.000    0.000    0.000    0.000    0.000    0.000    0.000    0.000    0.000    0.000    0.000    0.000    0.000    0.000    0.000    0.000    0.000    0.010    0.020    1.000    1.000    1.000    1.000    1.000    1.000    1.000 
DE29     0.000    0.000    0.000    0.000    0.000    0.000    0.000    0.000    0.000    0.000    0.000    0.000    0.000    0.000    0.000    0.000    0.000    0.000    0.000    0.000    0.000    0.000    0.000    0.000    0.000    0.000    0.000    0.000    0.000    0.000    0.000    0.000    0.000    0.010    0.020    1.000    1.000    1.000    1.000    1.000    1.000    1.000 
DE30     0.000    0.000    0.000    0.000    0.000    0.000    0.000    0.000    0.000    0.000    0.000    0.000    0.000    0.000    0.000    0.000    0.000    0.000    0.000    0.000    0.000    0.000    0.000    0.000    0.000    0.000    0.000    0.000    0.000    0.000    0.000    0.000    0.000    0.010    0.020    1.000    1.000    1.000    1.000    1.000    1.000    1.000 
DE31     0.000    0.000    0.000    0.000    0.000    0.000    0.000    0.000    0.000    0.000    0.000    0.000    0.000    0.000    0.000    0.000    0.000    0.000    0.000    0.000    0.000    0.000    0.000    0.000    0.000    0.000    0.000    0.000    0.000    0.000    0.000    0.000    0.000    0.010    0.020    1.000    1.000    1.000    1.000    1.000    1.000    1.000 
DE32     0.000    0.000    0.000    0.000    0.000    0.000    0.000    0.000    0.000    0.000    0.000    0.000    0.000    0.000    0.000    0.000    0.000    0.000    0.000    0.000    0.000    0.000    0.000    0.000    0.000    0.000    0.000    0.000    0.000    0.000    0.000    0.000    0.000    0.010    0.020    1.000    1.000    1.000    1.000    1.000    1.000    1.000 
DE33     0.000    0.000    0.000    0.000    0.000    0.000    0.000    0.000    0.000    0.000    0.000    0.000    0.000    0.000    0.000    0.000    0.000    0.000    0.000    0.000    0.000    0.000    0.000    0.000    0.000    0.000    0.000    0.000    0.000    0.000    0.000    0.000    0.000    0.010    0.020    1.000    1.000    1.000    1.000    1.000    1.000    1.000 
DE34     0.000    0.000    0.000    0.000    0.000    0.000    0.000    0.000    0.000    0.000    0.000    0.000    0.000    0.000    0.000    0.000    0.000    0.000    0.000    0.000    0.000    0.000    0.000    0.000    0.000    0.000    0.000    0.000    0.000    0.000    0.000    0.000    0.000    0.010    0.020    1.000    1.000    1.000    1.000    1.000    1.000    1.000 
DE35     0.000    0.000    0.000    0.000    0.000    0.000    0.000    0.000    0.000    0.000    0.000    0.000    0.000    0.000    0.000    0.000    0.000    0.000    0.000    0.000    0.000    0.000    0.000    0.000    0.000    0.000    0.000    0.000    0.000    0.000    0.000    0.000    0.000    0.010    0.020    1.000    1.000    1.000    1.000    1.000    1.000    1.000 
DE36     0.000    0.000    0.000    0.000    0.000    0.000    0.000    0.000    0.000    0.000    0.000    0.000    0.000    0.000    0.000    0.000    0.000    0.000    0.000    0.000    0.000    0.000    0.000    0.000    0.000    0.000    0.000    0.000    0.000    0.000    0.000    0.000    0.000    0.010    0.020    1.000    1.000    1.000    1.000    1.000    1.000    1.000 
DE37     0.000    0.000    0.000    0.000    0.000    0.000    0.000    0.000    0.000    0.000    0.000    0.000    0.000    0.000    0.000    0.000    0.000    0.000    0.000    0.000    0.000    0.000    0.000    0.000    0.000    0.000    0.000    0.000    0.000    0.000    0.000    0.200    0.000    0.010    0.020    1.000    1.000    1.000    1.000    1.000    1.000    1.000 
DE38     0.000    0.000    0.000    0.000    0.000    0.000    0.000    0.000    0.000    0.000    0.000    0.000    0.000    0.000    0.000    0.000    0.000    0.000    0.000    0.000    0.000    0.000    0.000    0.000    0.000    0.000    0.000    0.000    0.000    0.000    0.000    0.000    0.000    0.010    0.020    1.000    1.000    1.000    1.000    1.000    1.000    1.000 
DE39     0.000    0.000    0.000    0.000    0.000    0.000    0.000    0.000    0.000    0.000    0.000    0.000    0.000    0.000    0.000    0.000    0.000    0.000    0.000    0.000    0.000    0.000    0.000    0.000    0.000    0.000    0.000    0.000    0.000    0.000    0.000    0.000    0.000    0.010    0.020    1.000    1.000    1.000    1.000    1.000    1.000    1.000 
DE40     0.000    0.000    0.000    0.000    0.000    0.000    0.000    0.000    0.000    0.000    0.000    0.000    0.000    0.000    0.000    0.000    0.000    0.000    0.000    0.000    0.000    0.000    0.000    0.000    0.000    0.000    0.000    0.000    0.000    0.000    0.000    0.000    0.000    0.010    0.020    1.000    1.000    1.000    1.000    1.000    1.000    1.000 
;

param numi_lb: NU01 NU02 NU03 NU04 NU05 NU06 NU07 NU08 NU09 NU10 NU11 NU12 NU13 NU14 NU15 NU16 NU17 :=
MI01     0.000    0.000    0.000    0.000    0.000    0.000    0.000    0.000    0.000    0.000    0.000    0.000    0.000    0.000    0.000    0.000    0.000 
MI02     0.000    0.000    0.000    0.000    0.000    0.000    0.000    0.000    0.000    0.000    0.000    0.000    0.000    0.000    0.000    0.000    0.000 
MI03     0.000    0.000    0.000    0.000    0.000    0.000    0.000    0.000    0.000    0.000    0.000    0.000    0.000    0.000    0.000    0.000    0.000 
MI04     0.000    0.000    0.000    0.000    0.000    0.000    0.000    0.000    0.000    0.000    0.000    0.000    0.000    0.000    0.000    0.000    0.000 
MI05     0.000    0.000    0.000    0.000    0.000    0.000    0.000    0.000    0.000    0.000    0.000    0.000    0.000    0.000    0.000    0.000    0.000 
MI06     0.000    0.000    0.000    0.000    0.000    0.000    0.000    0.000    0.000    0.000    0.000    0.000    0.000    0.000    0.000    0.000    0.000 
MI07     0.000    0.000    0.000    0.000    0.000    0.000    0.000    0.000    0.000    0.000    0.000    0.000    0.000    0.000    0.000    0.000    0.000 
;

param numi_ub: NU01 NU02 NU03 NU04 NU05 NU06 NU07 NU08 NU09 NU10 NU11 NU12 NU13 NU14 NU15 NU16 NU17 :=
MI01   200.000  200.000  200.000  200.000  200.000  200.000  200.000  200.000  200.000  200.000  200.000   92.000  200.000  200.000  200.000  200.000  200.000 
MI02   200.000  200.000  200.000  200.000  200.000  200.000  200.000  200.000  200.000  200.000  200.000   92.000  200.000  200.000  200.000  200.000  200.000 
MI03   200.000  200.000  200.000  200.000  200.000  200.000  200.000  200.000  200.000  200.000  200.000   92.000  200.000  200.000  200.000  200.000  200.000 
MI04   200.000  200.000  200.000  200.000  200.000  200.000  200.000  200.000  200.000  200.000  200.000   92.000  200.000  200.000  200.000  200.000  200.000 
MI05   200.000  200.000  200.000  200.000  200.000  200.000  200.000  200.000  200.000  200.000  200.000   92.000  200.000  200.000  200.000  200.000  200.000 
MI06   200.000  200.000  200.000  200.000  200.000  200.000  200.000  200.000  200.000  200.000  200.000   92.000  200.000  200.000  200.000  200.000  200.000 
MI07   200.000  200.000  200.000  200.000  200.000  200.000  200.000  200.000  200.000  200.000  200.000   92.000  200.000  200.000  200.000  200.000  200.000 
;
